[
 [
  3445,
  4.288423175964869
 ],
 [
  5826,
  4.2181914963638185
 ],
 [
  8061,
  4.18131892690909
 ],
 [
  7104,
  4.027907265560656
 ],
 [
  9227,
  3.9332770619560753
 ],
 [
  8613,
  3.9217600096837395
 ],
 [
  14936,
  3.854049614252634
 ],
 [
  17215,
  3.7993849868030085
 ],
 [
  9719,
  3.7957957619275544
 ],
 [
  1901,
  3.677671470998279
 ],
 [
  8603,
  3.585775063268855
 ],
 [
  1915,
  3.3191863729614153
 ],
 [
  16765,
  3.18500374525844
 ],
 [
  8257,
  3.1475786999922613
 ],
 [
  17629,
  3.019835391974645
 ],
 [
  6804,
  2.85260906113177
 ],
 [
  8638,
  2.8405093705575633
 ],
 [
  2389,
  2.77575401781466
 ],
 [
  10830,
  2.772880671674233
 ],
 [
  16099,
  2.7304834135199543
 ],
 [
  11216,
  2.724928204660805
 ],
 [
  11886,
  2.6705945635725734
 ],
 [
  842,
  2.618385331566862
 ],
 [
  17568,
  2.5880282783477817
 ],
 [
  12718,
  2.5389677759540876
 ],
 [
  9144,
  2.5293780385964775
 ],
 [
  15203,
  2.482495830729323
 ],
 [
  5800,
  2.395899879011822
 ],
 [
  249,
  2.3767672950848664
 ],
 [
  11183,
  2.32720981293065
 ],
 [
  4470,
  2.2509421787325037
 ],
 [
  7545,
  2.1706839804445117
 ],
 [
  11964,
  2.0620691872018044
 ],
 [
  19165,
  2.0185602210461027
 ],
 [
  10729,
  1.934030616323698
 ],
 [
  15472,
  1.8983938088444483
 ],
 [
  17372,
  1.8876913621453941
 ],
 [
  10640,
  1.8460616923199389
 ],
 [
  1842,
  1.731505861687288
 ],
 [
  14892,
  1.727040442293258
 ],
 [
  19570,
  1.722597995595357
 ],
 [
  1212,
  1.6383136787484607
 ],
 [
  17280,
  1.6068650133576203
 ],
 [
  11459,
  1.5728979323962866
 ],
 [
  17385,
  1.5474558514720662
 ],
 [
  16144,
  1.5438883026525079
 ],
 [
  7917,
  1.4075938132384807
 ],
 [
  19530,
  1.187875299003644
 ],
 [
  10124,
  1.1452160360613697
 ],
 [
  232,
  1.1335847311939051
 ],
 [
  6618,
  1.1335847311939051
 ],
 [
  1,
  1.0701809679398155
 ],
 [
  2115,
  1.0701809679398155
 ],
 [
  3615,
  1.0484006783729134
 ],
 [
  20005,
  1.0451283062835401
 ],
 [
  875,
  1.0370360570160182
 ],
 [
  17953,
  0.8943240538926392
 ],
 [
  9058,
  0.8458070413961025
 ],
 [
  17477,
  0.7918039640819705
 ],
 [
  1312,
  0.6759215013609973
 ]
]