[
 [
  15791,
  5.110195751994984
 ],
 [
  20423,
  5.084210142296258
 ],
 [
  17697,
  5.0330237699390015
 ],
 [
  17560,
  5.020387813085025
 ],
 [
  19173,
  4.982857784111828
 ],
 [
  6276,
  4.958147948525478
 ],
 [
  1595,
  4.897432413893709
 ],
 [
  5093,
  4.776549462215849
 ],
 [
  15630,
  4.7016777498302345
 ],
 [
  21577,
  4.5145221375675595
 ],
 [
  3266,
  4.470435462733402
 ],
 [
  19829,
  4.4505363339652275
 ],
 [
  14976,
  4.411415991558412
 ],
 [
  2916,
  4.3918878581600485
 ],
 [
  15147,
  4.2975015135976955
 ],
 [
  19133,
  4.2975015135976955
 ],
 [
  20686,
  4.201194170399593
 ],
 [
  19929,
  4.189458409296262
 ],
 [
  20449,
  4.154641253570294
 ],
 [
  9248,
  4.102339754222774
 ],
 [
  17740,
  4.086714678125524
 ],
 [
  19453,
  4.053577564061844
 ],
 [
  9096,
  3.9862309383476875
 ],
 [
  12326,
  3.8957679726052423
 ],
 [
  1760,
  3.895638689239971
 ],
 [
  535,
  3.8655163935564483
 ],
 [
  15661,
  3.81703195061479
 ],
 [
  7433,
  3.8066480096751416
 ],
 [
  7467,
  3.7662858811963047
 ],
 [
  219,
  3.700686811118537
 ],
 [
  13548,
  3.6373337573224633
 ],
 [
  5659,
  3.5880752063181234
 ],
 [
  18722,
  3.5880752063181234
 ],
 [
  7806,
  3.5811361923019267
 ],
 [
  18161,
  3.518025888643228
 ],
 [
  11749,
  3.516919571428242
 ],
 [
  9688,
  3.5024260642565004
 ],
 [
  19134,
  3.4651642700477305
 ],
 [
  10251,
  3.463771893560971
 ],
 [
  2493,
  3.459653536488004
 ],
 [
  4268,
  3.4547820059876133
 ],
 [
  9347,
  3.4456272411763864
 ],
 [
  13257,
  3.417913102738626
 ],
 [
  13671,
  3.363801126273742
 ],
 [
  12455,
  3.3502273514612066
 ],
 [
  6329,
  3.347792793156093
 ],
 [
  225,
  3.2882286549147723
 ],
 [
  1969,
  3.2820830340361216
 ],
 [
  7025,
  3.2820830340361216
 ],
 [
  7031,
  3.2007042995171773
 ],
 [
  12471,
  3.184910428518715
 ],
 [
  1971,
  3.1692716618280388
 ],
 [
  16048,
  3.1634666774428823
 ],
 [
  12456,
  3.153785725797783
 ],
 [
  18683,
  3.149654320839467
 ],
 [
  18731,
  3.130221631956198
 ],
 [
  12964,
  3.079684625322359
 ],
 [
  6323,
  3.0608287303023545
 ],
 [
  8289,
  3.0608287303023545
 ],
 [
  2594,
  3.039829351884758
 ],
 [
  4396,
  3.0282058674338583
 ],
 [
  951,
  3.021277496606969
 ],
 [
  1188,
  3.0056214387635967
 ],
 [
  2891,
  2.9994463369682705
 ],
 [
  19525,
  2.9961788524658965
 ],
 [
  2883,
  2.9736618192756006
 ],
 [
  3113,
  2.9648221980405305
 ],
 [
  1908,
  2.9510956053621564
 ],
 [
  3289,
  2.944279862679029
 ],
 [
  4287,
  2.944279862679029
 ],
 [
  20890,
  2.9240202315148762
 ],
 [
  20094,
  2.9234002332567917
 ],
 [
  3551,
  2.899084430565088
 ],
 [
  9704,
  2.8843979725770015
 ],
 [
  15799,
  2.884326055172696
 ],
 [
  7401,
  2.873018499481494
 ],
 [
  18449,
  2.8584566305278782
 ],
 [
  1900,
  2.8552555440034877
 ],
 [
  18469,
  2.8511148345388966
 ],
 [
  19877,
  2.8407088003730836
 ],
 [
  20091,
  2.8355342164564123
 ],
 [
  12961,
  2.8267651767318878
 ],
 [
  16171,
  2.8010928796342287
 ],
 [
  7549,
  2.7973176412282
 ],
 [
  2140,
  2.7896508445142767
 ],
 [
  12970,
  2.7896508445142767
 ],
 [
  18597,
  2.780524043503435
 ],
 [
  18941,
  2.7707218739486397
 ],
 [
  18159,
  2.7623545508955707
 ],
 [
  10212,
  2.7601175122599755
 ],
 [
  20023,
  2.7584193739066625
 ],
 [
  3366,
  2.743698329613979
 ],
 [
  3899,
  2.741865477862616
 ],
 [
  19756,
  2.7357714154654076
 ],
 [
  4882,
  2.7120570793583245
 ],
 [
  2011,
  2.709604708096375
 ],
 [
  3124,
  2.7044811253102594
 ],
 [
  19147,
  2.6839338094993606
 ],
 [
  11456,
  2.6670884111167186
 ],
 [
  19115,
  2.6670884111167186
 ],
 [
  8139,
  2.664447975654931
 ],
 [
  8307,
  2.664447975654931
 ],
 [
  16777,
  2.654225844192488
 ],
 [
  7019,
  2.6542258441924877
 ],
 [
  3619,
  2.6404905229401985
 ],
 [
  2068,
  2.609180403626712
 ],
 [
  4130,
  2.6067226672999353
 ],
 [
  15666,
  2.6017695941500976
 ],
 [
  19600,
  2.594503112567675
 ],
 [
  8592,
  2.5751883429241005
 ],
 [
  8662,
  2.570404501021238
 ],
 [
  9944,
  2.5702954485510485
 ],
 [
  16778,
  2.5656383997308416
 ],
 [
  7216,
  2.5467494415225356
 ],
 [
  2507,
  2.539573699569326
 ],
 [
  11463,
  2.5339372418076422
 ],
 [
  16827,
  2.52794023325839
 ],
 [
  15873,
  2.524644200351579
 ],
 [
  6079,
  2.5170100625650123
 ],
 [
  5235,
  2.5097938125133945
 ],
 [
  1088,
  2.5050470970113166
 ],
 [
  11955,
  2.4948438419736245
 ],
 [
  19740,
  2.4827733537632577
 ],
 [
  21455,
  2.4827733537632577
 ],
 [
  1857,
  2.4802819937395464
 ],
 [
  6581,
  2.459238967175453
 ],
 [
  4059,
  2.4476382977388353
 ],
 [
  10664,
  2.4476382977388353
 ],
 [
  9226,
  2.4390093656439964
 ],
 [
  10125,
  2.43535214761337
 ],
 [
  16196,
  2.40509358769732
 ],
 [
  32,
  2.396761513165679
 ],
 [
  55,
  2.396761513165679
 ],
 [
  20061,
  2.393569157751624
 ],
 [
  18516,
  2.3847255353205106
 ],
 [
  1563,
  2.3802693634686767
 ],
 [
  19157,
  2.370482569120721
 ],
 [
  9659,
  2.3640026281206197
 ],
 [
  17934,
  2.3532810962414543
 ],
 [
  19039,
  2.3511484494538735
 ],
 [
  20795,
  2.3499950264293323
 ],
 [
  12415,
  2.3330063839709902
 ],
 [
  14270,
  2.3330063839709902
 ],
 [
  19321,
  2.332127163976398
 ],
 [
  7314,
  2.2997554849385797
 ],
 [
  20631,
  2.2997554849385797
 ],
 [
  21119,
  2.2997554849385797
 ],
 [
  8242,
  2.296374896275345
 ],
 [
  226,
  2.2858937606760867
 ],
 [
  3752,
  2.283482948888659
 ],
 [
  1954,
  2.2708873106981686
 ],
 [
  3670,
  2.2634577298086658
 ],
 [
  3502,
  2.2597611399116606
 ],
 [
  2980,
  2.2560766045772827
 ],
 [
  16540,
  2.25161908083526
 ],
 [
  10230,
  2.2360183091277888
 ],
 [
  21561,
  2.23086598249033
 ],
 [
  20311,
  2.2130183305436315
 ],
 [
  16375,
  2.198716567775742
 ],
 [
  20461,
  2.1855418327699776
 ],
 [
  7651,
  2.1848294178933765
 ],
 [
  11998,
  2.1848294178933765
 ],
 [
  18130,
  2.1757187810387792
 ],
 [
  3978,
  2.164447094824655
 ],
 [
  19834,
  2.157574822749042
 ],
 [
  5868,
  2.1539365315615537
 ],
 [
  12689,
  2.146772380878931
 ],
 [
  14825,
  2.146772380878931
 ],
 [
  14905,
  2.146772380878931
 ],
 [
  18868,
  2.146772380878931
 ],
 [
  15694,
  2.1325861056745783
 ],
 [
  19508,
  2.127898920397327
 ],
 [
  11062,
  2.118586090770586
 ],
 [
  17747,
  2.118586090770586
 ],
 [
  2541,
  2.1179444618792482
 ],
 [
  17242,
  2.1179444618792482
 ],
 [
  19824,
  2.1179444618792482
 ],
 [
  821,
  2.1050558976764533
 ],
 [
  1318,
  2.104768691803064
 ],
 [
  428,
  2.092323249104002
 ],
 [
  4815,
  2.092323249104002
 ],
 [
  6415,
  2.0911303588660997
 ],
 [
  15191,
  2.0911303588660997
 ],
 [
  17087,
  2.0911303588660997
 ],
 [
  20678,
  2.0911303588660997
 ],
 [
  15140,
  2.0860145117151236
 ],
 [
  19017,
  2.0860145117151236
 ],
 [
  19102,
  2.079702829817827
 ],
 [
  20828,
  2.079702829817827
 ],
 [
  11314,
  2.0776676334711492
 ],
 [
  12856,
  2.0776676334711492
 ],
 [
  8151,
  2.073510484789812
 ],
 [
  2156,
  2.069574115094319
 ],
 [
  17423,
  2.0687883752022023
 ],
 [
  16092,
  2.0643771456231295
 ],
 [
  2802,
  2.0556108825901025
 ],
 [
  5227,
  2.051255611008019
 ],
 [
  12844,
  2.051255611008019
 ],
 [
  5160,
  2.0496098079428267
 ],
 [
  5288,
  2.039771401460887
 ],
 [
  6039,
  2.0382998282870437
 ],
 [
  21158,
  2.0309026249834603
 ],
 [
  18734,
  2.0255066764927485
 ],
 [
  9011,
  2.020375248240689
 ],
 [
  6940,
  2.0191701332485525
 ],
 [
  12806,
  2.01790757916403
 ],
 [
  4508,
  2.0112226590229003
 ],
 [
  2242,
  2.009739307731562
 ],
 [
  2848,
  1.9957511873923208
 ],
 [
  4587,
  1.9957511873923208
 ],
 [
  17023,
  1.994300068544255
 ],
 [
  4854,
  1.9919629333340523
 ],
 [
  16749,
  1.9880729505777814
 ],
 [
  20727,
  1.9759006344451575
 ],
 [
  17452,
  1.9678682282651505
 ],
 [
  18163,
  1.9638764654247889
 ],
 [
  61,
  1.9617958690965147
 ],
 [
  12718,
  1.9617958690965147
 ],
 [
  19220,
  1.9617958690965147
 ],
 [
  10633,
  1.9579190934553914
 ],
 [
  16935,
  1.9579190934553914
 ],
 [
  16957,
  1.9579190934553914
 ],
 [
  8072,
  1.9562486640746641
 ],
 [
  2415,
  1.9507327413278361
 ],
 [
  7595,
  1.9507327413278361
 ],
 [
  234,
  1.9463442253768117
 ],
 [
  1105,
  1.9397936901365724
 ],
 [
  8885,
  1.9286662798588226
 ],
 [
  16770,
  1.9286662798588226
 ],
 [
  17350,
  1.9113266058088176
 ],
 [
  19495,
  1.9077004679825418
 ],
 [
  17394,
  1.9002747174708463
 ],
 [
  15543,
  1.8972374202340252
 ],
 [
  18598,
  1.8972374202340252
 ],
 [
  12828,
  1.8836374965915375
 ],
 [
  1786,
  1.8734080426696251
 ],
 [
  9694,
  1.8727069230854603
 ],
 [
  17803,
  1.8727069230854603
 ],
 [
  17038,
  1.8665257621395712
 ],
 [
  8835,
  1.8565083111704064
 ],
 [
  7219,
  1.851221984487537
 ],
 [
  4940,
  1.8465978114541826
 ],
 [
  12497,
  1.8449401848693736
 ],
 [
  17420,
  1.8406633279001448
 ],
 [
  11320,
  1.8367925592891001
 ],
 [
  7551,
  1.8319288784998216
 ],
 [
  2223,
  1.8302244332508355
 ],
 [
  8135,
  1.8302244332508355
 ],
 [
  3847,
  1.8212537612798345
 ],
 [
  8240,
  1.809697870751859
 ],
 [
  13722,
  1.799606285745453
 ],
 [
  13241,
  1.798591192271916
 ],
 [
  11592,
  1.7939274592250427
 ],
 [
  54,
  1.7831389066488468
 ],
 [
  3492,
  1.7797570393670394
 ],
 [
  16292,
  1.757470597914394
 ],
 [
  11204,
  1.755552855488779
 ],
 [
  20335,
  1.7530174138959356
 ],
 [
  7610,
  1.7441784069544741
 ],
 [
  6746,
  1.7413437906428353
 ],
 [
  4891,
  1.7356728771928283
 ],
 [
  7524,
  1.7267651298833786
 ],
 [
  17528,
  1.7267651298833786
 ],
 [
  5774,
  1.7251035733391642
 ],
 [
  3511,
  1.7136046995411716
 ],
 [
  2965,
  1.7096961121785192
 ],
 [
  12640,
  1.7096961121785192
 ],
 [
  8137,
  1.7054814548628585
 ],
 [
  8413,
  1.6975380178710637
 ],
 [
  16226,
  1.6896792854715459
 ],
 [
  1175,
  1.6867355023072135
 ],
 [
  3064,
  1.6867355023072135
 ],
 [
  18885,
  1.6847160660836702
 ],
 [
  17217,
  1.6806235207557296
 ],
 [
  17271,
  1.6806235207557296
 ],
 [
  3411,
  1.6779653772244045
 ],
 [
  8038,
  1.668464321939288
 ],
 [
  21525,
  1.6606959110344077
 ],
 [
  1226,
  1.6604554657481054
 ],
 [
  7633,
  1.6604554657481054
 ],
 [
  19014,
  1.6604554657481054
 ],
 [
  6108,
  1.6578521672223614
 ],
 [
  7537,
  1.6525231294539635
 ],
 [
  16789,
  1.6525231294539635
 ],
 [
  19591,
  1.6368836714567747
 ],
 [
  20756,
  1.6354480878299213
 ],
 [
  17438,
  1.63337871153909
 ],
 [
  20911,
  1.632330210001649
 ],
 [
  4575,
  1.6272018850904963
 ],
 [
  18681,
  1.6272018850904963
 ],
 [
  13260,
  1.6260839070690825
 ],
 [
  12431,
  1.6215374614298803
 ],
 [
  5453,
  1.62153746142988
 ],
 [
  6351,
  1.6190384226270582
 ],
 [
  18878,
  1.6139717589848146
 ],
 [
  2387,
  1.6139717589848146
 ],
 [
  15718,
  1.6109564613639376
 ],
 [
  3928,
  1.6029547868435872
 ],
 [
  6426,
  1.6029547868435872
 ],
 [
  6431,
  1.5990501944160773
 ],
 [
  16006,
  1.5989836841753966
 ],
 [
  6127,
  1.5950322086182063
 ],
 [
  19976,
  1.5950322086182063
 ],
 [
  20829,
  1.587187559659321
 ],
 [
  10134,
  1.587187559659321
 ],
 [
  17017,
  1.587187559659321
 ],
 [
  12623,
  1.5794196957847015
 ],
 [
  17953,
  1.5747953666821992
 ],
 [
  20805,
  1.5717274951020235
 ],
 [
  9442,
  1.5717274951020235
 ],
 [
  17307,
  1.5641098574687111
 ],
 [
  13869,
  1.564109857468711
 ],
 [
  2979,
  1.5582325100301904
 ],
 [
  3364,
  1.55656570396741
 ],
 [
  13178,
  1.55656570396741
 ],
 [
  14950,
  1.5490939763965665
 ],
 [
  17196,
  1.5490939763965665
 ],
 [
  19398,
  1.5490939763965665
 ],
 [
  18507,
  1.548929382915965
 ],
 [
  17202,
  1.5441525479101659
 ],
 [
  19845,
  1.5416936367756116
 ],
 [
  20907,
  1.5416936367756116
 ],
 [
  20925,
  1.5416936367756116
 ],
 [
  3030,
  1.53859526038187
 ],
 [
  1416,
  1.5378144950530266
 ],
 [
  11163,
  1.5343636668642555
 ],
 [
  20027,
  1.5343636668642555
 ],
 [
  17598,
  1.5343636668642553
 ],
 [
  17443,
  1.5283981180158817
 ],
 [
  4736,
  1.5271030676954362
 ],
 [
  10800,
  1.5271030676954362
 ],
 [
  5891,
  1.5239093134485742
 ],
 [
  7375,
  1.5199108591214612
 ],
 [
  11881,
  1.5127860793729169
 ],
 [
  19291,
  1.5084040221604431
 ],
 [
  7343,
  1.5057277846299264
 ],
 [
  7360,
  1.5057277846299264
 ],
 [
  12744,
  1.5057277846299264
 ],
 [
  15763,
  1.5057277846299264
 ],
 [
  21391,
  1.5057277846299264
 ],
 [
  17106,
  1.5018550665778676
 ],
 [
  6927,
  1.4998206376761387
 ],
 [
  18041,
  1.4987350486053514
 ],
 [
  13045,
  1.4918069621395569
 ],
 [
  17269,
  1.4918069621395569
 ],
 [
  19660,
  1.4889262862627661
 ],
 [
  10774,
  1.4849426328063635
 ],
 [
  18357,
  1.4781411845298265
 ],
 [
  11387,
  1.4781411845298265
 ],
 [
  10661,
  1.4714017572115021
 ],
 [
  15224,
  1.4714017572115021
 ],
 [
  11082,
  1.4687177303707453
 ],
 [
  9673,
  1.4668285926513287
 ],
 [
  4727,
  1.4657926707820033
 ],
 [
  16701,
  1.4647235063678614
 ],
 [
  3198,
  1.4637252104614211
 ],
 [
  4625,
  1.4616635741183246
 ],
 [
  15408,
  1.4515472321380656
 ],
 [
  15456,
  1.4515472321380656
 ],
 [
  17409,
  1.4484032132008962
 ],
 [
  20860,
  1.446224152819862
 ],
 [
  17216,
  1.4450475947319215
 ],
 [
  17277,
  1.4450475947319215
 ],
 [
  14749,
  1.4413621906713776
 ],
 [
  14911,
  1.4393630260736487
 ],
 [
  18568,
  1.4274835363732992
 ],
 [
  10100,
  1.4196208755972393
 ],
 [
  860,
  1.4157985314320536
 ],
 [
  570,
  1.4134033967880373
 ],
 [
  6954,
  1.4134033967880373
 ],
 [
  18271,
  1.4072401415766558
 ],
 [
  6744,
  1.4072401415766558
 ],
 [
  7877,
  1.4072401415766558
 ],
 [
  5943,
  1.3986253621610532
 ],
 [
  12440,
  1.392993179536563
 ],
 [
  12612,
  1.392993179536563
 ],
 [
  8608,
  1.3890687157387815
 ],
 [
  8676,
  1.3890687157387815
 ],
 [
  1376,
  1.3818638098712754
 ],
 [
  16103,
  1.3818638098712754
 ],
 [
  8982,
  1.377212922382387
 ],
 [
  18443,
  1.377212922382387
 ],
 [
  12438,
  1.3713605956920625
 ],
 [
  209,
  1.3694208573254514
 ],
 [
  1957,
  1.3654992509863317
 ],
 [
  12750,
  1.3626747732428877
 ],
 [
  17381,
  1.3601301906306091
 ],
 [
  18,
  1.3548031865524512
 ],
 [
  16963,
  1.3540982855387285
 ],
 [
  17382,
  1.3540982855387285
 ],
 [
  8390,
  1.349517746534388
 ],
 [
  672,
  1.3484403533905098
 ],
 [
  2427,
  1.3390696279166951
 ],
 [
  4491,
  1.3390696279166951
 ],
 [
  5717,
  1.3372651593641052
 ],
 [
  6600,
  1.331746736492484
 ],
 [
  19015,
  1.3287820474205048
 ],
 [
  2190,
  1.3262736716240326
 ],
 [
  9549,
  1.3236973071218272
 ],
 [
  874,
  1.315461397245155
 ],
 [
  15525,
  1.315461397245155
 ],
 [
  17058,
  1.315461397245155
 ],
 [
  10995,
  1.304823988629534
 ],
 [
  12519,
  1.304823988629534
 ],
 [
  5973,
  1.3037416263554833
 ],
 [
  8635,
  1.2995695386562962
 ],
 [
  9462,
  1.2995695386562962
 ],
 [
  5432,
  1.298846367572311
 ],
 [
  18328,
  1.2943572376776644
 ],
 [
  8667,
  1.2943572376776644
 ],
 [
  2913,
  1.2943572376776644
 ],
 [
  6099,
  1.293987732483345
 ],
 [
  8176,
  1.2891865805672515
 ],
 [
  16759,
  1.2891865805672515
 ],
 [
  18472,
  1.2891865805672515
 ],
 [
  20780,
  1.2825389188831695
 ],
 [
  1947,
  1.278968217482906
 ],
 [
  6796,
  1.278968217482906
 ],
 [
  742,
  1.2749113302873496
 ],
 [
  3537,
  1.2702297916262573
 ],
 [
  16168,
  1.2689105663377196
 ],
 [
  3246,
  1.2689105663377196
 ],
 [
  20863,
  1.2689105663377196
 ],
 [
  10780,
  1.267249650046004
 ],
 [
  8141,
  1.2639408275522255
 ],
 [
  4006,
  1.2590098652569504
 ],
 [
  5944,
  1.2541172273839722
 ],
 [
  6392,
  1.2541172273839722
 ],
 [
  15154,
  1.2523017177533036
 ],
 [
  12986,
  1.2492624688652907
 ],
 [
  8310,
  1.246849157160824
 ],
 [
  15364,
  1.246849157160824
 ],
 [
  18009,
  1.2428470104507092
 ],
 [
  21273,
  1.2396648438117557
 ],
 [
  18609,
  1.2383975832350453
 ],
 [
  5516,
  1.234921120941312
 ],
 [
  18642,
  1.2339799005220506
 ],
 [
  7032,
  1.2302135644992813
 ],
 [
  9701,
  1.2302135644992813
 ],
 [
  1210,
  1.2255417624538034
 ],
 [
  10936,
  1.2255417624538034
 ],
 [
  10670,
  1.2252384193407346
 ],
 [
  10049,
  1.2209139581462587
 ],
 [
  7310,
  1.2163038044834396
 ],
 [
  16544,
  1.2117368552033527
 ],
 [
  9873,
  1.2081218130027653
 ],
 [
  926,
  1.2072040733822909
 ],
 [
  942,
  1.2072040733822909
 ],
 [
  11820,
  1.2072040733822909
 ],
 [
  10605,
  1.203917126146212
 ],
 [
  16214,
  1.203917126146212
 ],
 [
  12039,
  1.199741605346103
 ],
 [
  16051,
  1.1938069408870453
 ],
 [
  17300,
  1.1850395023760343
 ],
 [
  19019,
  1.183325196397204
 ],
 [
  18985,
  1.1792910518591573
 ],
 [
  17293,
  1.1763999029066015
 ],
 [
  11770,
  1.1721271722191822
 ],
 [
  14880,
  1.167351983940224
 ],
 [
  9180,
  1.1634258341204353
 ],
 [
  13637,
  1.159526005380095
 ],
 [
  12552,
  1.1553421793876035
 ],
 [
  7155,
  1.1518042594423912
 ],
 [
  2278,
  1.1512207766631721
 ],
 [
  17296,
  1.1471286736264226
 ],
 [
  17477,
  1.14608010619149
 ],
 [
  13323,
  1.14418467752301
 ],
 [
  18265,
  1.1430655589400278
 ],
 [
  15552,
  1.1350250711689165
 ],
 [
  14809,
  1.131047097079202
 ],
 [
  21542,
  1.131047097079202
 ],
 [
  6606,
  1.1231742173545798
 ],
 [
  14766,
  1.1231742173545798
 ],
 [
  6472,
  1.1219190349275856
 ],
 [
  17126,
  1.1192787355104743
 ],
 [
  18726,
  1.118292072123948
 ],
 [
  181,
  1.1154101815108641
 ],
 [
  9795,
  1.1154101815108641
 ],
 [
  2118,
  1.1075505360442768
 ],
 [
  10486,
  1.097474443963284
 ],
 [
  9445,
  1.093545420114695
 ],
 [
  19543,
  1.0866748499887442
 ],
 [
  2417,
  1.085398548047252
 ],
 [
  17119,
  1.085398548047252
 ],
 [
  17915,
  1.0835763542417585
 ],
 [
  15738,
  1.0709903198212847
 ],
 [
  7254,
  1.0639287074482755
 ],
 [
  17395,
  1.0604327072568087
 ],
 [
  17397,
  1.0604327072568087
 ],
 [
  13592,
  1.0600347383953
 ],
 [
  14419,
  1.0588369723910365
 ],
 [
  5850,
  1.0569596070736542
 ],
 [
  20868,
  1.053509182628893
 ],
 [
  13908,
  1.0500812125715762
 ],
 [
  17940,
  1.0483755795525262
 ],
 [
  3562,
  1.037773613763837
 ],
 [
  9055,
  1.0365895487365098
 ],
 [
  11327,
  1.0266961430713735
 ],
 [
  7099,
  1.0224367896965143
 ],
 [
  8117,
  1.0202047920945028
 ],
 [
  8427,
  1.0202047920945028
 ],
 [
  16198,
  1.0202047920945028
 ],
 [
  5285,
  1.0194236621417236
 ],
 [
  11600,
  1.0106202271146916
 ],
 [
  17201,
  1.0106202271146916
 ],
 [
  20865,
  1.0046205472521808
 ],
 [
  7105,
  1.0012140750990874
 ],
 [
  18835,
  1.0012140750990874
 ],
 [
  238,
  0.9988189820368374
 ],
 [
  3885,
  0.995039980507047
 ],
 [
  18625,
  0.995039980507047
 ],
 [
  8747,
  0.9859203046467669
 ],
 [
  5169,
  0.9846040512594982
 ],
 [
  18776,
  0.981809480061592
 ],
 [
  8203,
  0.9790307274561015
 ],
 [
  8743,
  0.9762676595110329
 ],
 [
  5271,
  0.974017633698145
 ],
 [
  18148,
  0.9681734241638098
 ],
 [
  5318,
  0.9652775401427154
 ],
 [
  17363,
  0.9652775401427154
 ],
 [
  19947,
  0.9623989281004445
 ],
 [
  308,
  0.9573544154598457
 ],
 [
  18420,
  0.9573544154598457
 ],
 [
  10344,
  0.956692905523378
 ],
 [
  263,
  0.9510541456818802
 ],
 [
  12602,
  0.9482596187096283
 ],
 [
  9639,
  0.9454814662026823
 ],
 [
  17750,
  0.9399737122634358
 ],
 [
  10905,
  0.9373805580595048
 ],
 [
  17185,
  0.9345297557948923
 ],
 [
  17312,
  0.9345297557948923
 ],
 [
  237,
  0.9290704425518408
 ],
 [
  13752,
  0.9185697758262719
 ],
 [
  9307,
  0.9143360553317356
 ],
 [
  8076,
  0.90568036944771
 ],
 [
  18005,
  0.9031457742086311
 ],
 [
  6052,
  0.9006253257812116
 ],
 [
  18403,
  0.9000617254453157
 ],
 [
  1867,
  0.8981189060546901
 ],
 [
  19016,
  0.8954021455849507
 ],
 [
  10350,
  0.8907905621282246
 ],
 [
  6410,
  0.881708448322736
 ],
 [
  11175,
  0.8794667829553279
 ],
 [
  18455,
  0.8738012175980976
 ],
 [
  12942,
  0.8644389133231367
 ],
 [
  862,
  0.8621296010085807
 ],
 [
  2352,
  0.8621296010085807
 ],
 [
  12773,
  0.8476302964982031
 ],
 [
  740,
  0.8440899927964539
 ],
 [
  5542,
  0.8440899927964539
 ],
 [
  15957,
  0.8440899927964539
 ],
 [
  236,
  0.8418879849155323
 ],
 [
  4603,
  0.8396974360551469
 ],
 [
  9782,
  0.8396974360551469
 ],
 [
  1999,
  0.8375182570000999
 ],
 [
  179,
  0.8331936560519386
 ],
 [
  1611,
  0.8310480602995473
 ],
 [
  5206,
  0.8289134866106417
 ],
 [
  20462,
  0.8267898502712377
 ],
 [
  17305,
  0.8210203848808962
 ],
 [
  19000,
  0.8163328238279965
 ],
 [
  17410,
  0.806137009232959
 ],
 [
  9848,
  0.8043124271673111
 ],
 [
  9788,
  0.8041283325877554
 ],
 [
  17402,
  0.8001408608758597
 ],
 [
  16784,
  0.7961927397881406
 ],
 [
  9774,
  0.7946166139618251
 ],
 [
  10255,
  0.7807823371407392
 ],
 [
  11214,
  0.7802774761810234
 ],
 [
  19604,
  0.776773189461987
 ],
 [
  5345,
  0.7750328231743684
 ],
 [
  6657,
  0.7732986942676922
 ],
 [
  17070,
  0.7677794347809077
 ],
 [
  12879,
  0.7641434907042761
 ],
 [
  8210,
  0.7623384021124332
 ],
 [
  7493,
  0.7499376844117045
 ],
 [
  14874,
  0.7481990105987758
 ],
 [
  7628,
  0.7464683801055408
 ],
 [
  15678,
  0.7379339462762526
 ],
 [
  2132,
  0.7345745659233088
 ],
 [
  8069,
  0.7201720863820641
 ],
 [
  19211,
  0.718675865595079
 ],
 [
  17207,
  0.7166313541101489
 ],
 [
  6190,
  0.6935304794931642
 ],
 [
  11732,
  0.6935304794931642
 ],
 [
  13657,
  0.6935304794931642
 ],
 [
  9758,
  0.6886313315474732
 ],
 [
  13244,
  0.6818086910675164
 ],
 [
  2052,
  0.6803712690107271
 ],
 [
  13046,
  0.6778362018505831
 ],
 [
  4871,
  0.6760951395969624
 ],
 [
  12673,
  0.6718724253653933
 ],
 [
  12025,
  0.6699593836172932
 ],
 [
  15369,
  0.6660892275543137
 ],
 [
  2078,
  0.6649505783597492
 ],
 [
  7892,
  0.6635832884324884
 ],
 [
  11198,
  0.6608655082481903
 ],
 [
  10355,
  0.6541674666866959
 ],
 [
  3019,
  0.6541674666866959
 ],
 [
  20500,
  0.6541674666866959
 ],
 [
  5759,
  0.6502134187466084
 ],
 [
  2197,
  0.647603835581771
 ],
 [
  7062,
  0.6437285009370105
 ],
 [
  6722,
  0.6348639397161999
 ],
 [
  14826,
  0.6331704894670609
 ],
 [
  6896,
  0.6297126036775258
 ],
 [
  28,
  0.6262402037514154
 ],
 [
  19285,
  0.6226156210063925
 ],
 [
  17358,
  0.6184542139625159
 ],
 [
  8980,
  0.6178476107433677
 ],
 [
  16200,
  0.6143192534315155
 ],
 [
  17368,
  0.6062410770344356
 ],
 [
  6395,
  0.6054643760006981
 ],
 [
  9470,
  0.5994841362794244
 ],
 [
  15382,
  0.5885511769216141
 ],
 [
  11768,
  0.5885511769216141
 ],
 [
  3065,
  0.5842888415096428
 ],
 [
  10771,
  0.5842888415096428
 ],
 [
  10689,
  0.5832328865293627
 ],
 [
  1895,
  0.582180741409278
 ],
 [
  15470,
  0.5811323855676919
 ],
 [
  18299,
  0.5800877985708901
 ],
 [
  13034,
  0.579046960131813
 ],
 [
  15442,
  0.5780098501087433
 ],
 [
  17450,
  0.5718643767588298
 ],
 [
  335,
  0.570514194675572
 ],
 [
  12598,
  0.5648577978348936
 ],
 [
  18086,
  0.5638708491386737
 ],
 [
  16937,
  0.5560977082144019
 ],
 [
  21508,
  0.549469916209355
 ],
 [
  15549,
  0.5227675585344443
 ],
 [
  7405,
  0.5119858947837156
 ]
]