[
 [
  20891,
  4.291241980362098
 ],
 [
  16824,
  4.028347630934918
 ],
 [
  8593,
  3.640936825845218
 ],
 [
  2711,
  3.4884425028449333
 ],
 [
  4853,
  3.08163220521943
 ],
 [
  10400,
  3.0166732891100985
 ],
 [
  6564,
  2.969723329850294
 ],
 [
  2766,
  2.954396425176848
 ],
 [
  5459,
  2.851383404300086
 ],
 [
  2733,
  2.7553120002773275
 ],
 [
  21393,
  2.7290407647074133
 ],
 [
  255,
  2.690560003369106
 ],
 [
  10682,
  2.690560003369106
 ],
 [
  16115,
  2.690560003369106
 ],
 [
  5334,
  2.677973108930125
 ],
 [
  15284,
  2.665503433360563
 ],
 [
  17150,
  2.6531493468008898
 ],
 [
  7469,
  2.6409092494684905
 ],
 [
  16229,
  2.628781570967071
 ],
 [
  871,
  2.5930577713034078
 ],
 [
  17647,
  2.5582918904163217
 ],
 [
  286,
  2.5356279553393994
 ],
 [
  6423,
  2.5356279553393994
 ],
 [
  15478,
  2.5244459087567566
 ],
 [
  20719,
  2.4955039070807175
 ],
 [
  2356,
  2.4806868767514905
 ],
 [
  8554,
  2.4699831347273418
 ],
 [
  6065,
  2.459371365509429
 ],
 [
  12009,
  2.459371365509429
 ],
 [
  1667,
  2.4488503887427586
 ],
 [
  8053,
  2.4488503887427586
 ],
 [
  16318,
  2.4280761912755744
 ],
 [
  43,
  2.4178207087286876
 ],
 [
  20248,
  2.397567463492659
 ],
 [
  20860,
  2.385892762119254
 ],
 [
  13507,
  2.3580621268362307
 ],
 [
  18160,
  2.3580621268362307
 ],
 [
  4737,
  2.3483883767918785
 ],
 [
  8748,
  2.3387936739426403
 ],
 [
  16730,
  2.3387936739426403
 ],
 [
  16780,
  2.3087348045807476
 ],
 [
  16575,
  2.282832488979864
 ],
 [
  11380,
  2.1952867530433444
 ],
 [
  15880,
  2.1539845197675276
 ],
 [
  9002,
  2.137895530970586
 ],
 [
  12605,
  2.0910390604952456
 ],
 [
  4008,
  2.0834973676705815
 ],
 [
  14914,
  2.0758733524364077
 ],
 [
  5574,
  2.046192455509401
 ],
 [
  15427,
  2.046192455509401
 ],
 [
  15342,
  1.968780822178077
 ],
 [
  15405,
  1.9160618921787052
 ],
 [
  15439,
  1.9160618921787052
 ],
 [
  6989,
  1.9096698809627861
 ],
 [
  4098,
  1.830293361519877
 ],
 [
  6296,
  1.8186635477937012
 ],
 [
  12460,
  1.8186635477937012
 ],
 [
  18867,
  1.8129038879044581
 ],
 [
  3560,
  1.8076625332124796
 ],
 [
  17181,
  1.7790977516189193
 ],
 [
  1502,
  1.7465293352088196
 ],
 [
  19003,
  1.7465293352088196
 ],
 [
  19033,
  1.7465293352088196
 ],
 [
  16550,
  1.7202861659090642
 ],
 [
  3014,
  1.7151318870114958
 ],
 [
  2796,
  1.6632686753473966
 ],
 [
  5157,
  1.6604082705131669
 ],
 [
  9247,
  1.6460844800499164
 ],
 [
  6744,
  1.6320057090474096
 ],
 [
  18443,
  1.609068742938162
 ],
 [
  1022,
  1.5523436121240393
 ],
 [
  18330,
  1.5481453525345805
 ],
 [
  16090,
  1.531576964892476
 ],
 [
  16199,
  1.531576964892476
 ],
 [
  1729,
  1.515359454809647
 ],
 [
  6882,
  1.515359454809647
 ],
 [
  21376,
  1.515359454809647
 ],
 [
  7525,
  1.5122707663880717
 ],
 [
  6940,
  1.4994817929916089
 ],
 [
  15363,
  1.4955642302312686
 ],
 [
  3938,
  1.4800965634525454
 ],
 [
  18472,
  1.472482091978845
 ],
 [
  16218,
  1.4687041607911788
 ],
 [
  8765,
  1.4612061594890036
 ],
 [
  17356,
  1.4537843266479933
 ],
 [
  6062,
  1.4501016116203995
 ],
 [
  9755,
  1.4283912743377707
 ],
 [
  12261,
  1.4177780731957486
 ],
 [
  9150,
  1.4038700675746774
 ],
 [
  16389,
  1.3801765632216603
 ],
 [
  3366,
  1.3768569066863294
 ],
 [
  9342,
  1.3735531809780663
 ],
 [
  8500,
  1.370265271694789
 ],
 [
  18442,
  1.370265271694789
 ],
 [
  18579,
  1.370265271694789
 ],
 [
  14809,
  1.341367481708744
 ],
 [
  20099,
  1.341367481708744
 ],
 [
  7186,
  1.2841931092826375
 ],
 [
  17119,
  1.2727719387887602
 ],
 [
  18688,
  1.2671371982362767
 ],
 [
  5405,
  1.2398742592205392
 ],
 [
  2802,
  1.2108508241002918
 ],
 [
  17004,
  1.2082949861676995
 ],
 [
  13246,
  1.17844573068514
 ],
 [
  14749,
  1.1420056577597846
 ],
 [
  925,
  1.1408676552395702
 ],
 [
  20571,
  1.1408676552395702
 ],
 [
  5711,
  1.118574583632239
 ],
 [
  12720,
  1.1163931008611983
 ],
 [
  7765,
  1.11205556255904
 ],
 [
  21379,
  1.086722021593106
 ],
 [
  18148,
  1.0724701656504587
 ],
 [
  19828,
  1.0374830273459574
 ],
 [
  19958,
  1.0208317567544196
 ],
 [
  7471,
  1.0136015432372056
 ],
 [
  178,
  1.0029462387691475
 ],
 [
  19485,
  0.9822938625906724
 ],
 [
  12709,
  0.9465598420045549
 ],
 [
  19760,
  0.9251430365414174
 ],
 [
  965,
  0.9205729289808099
 ],
 [
  854,
  0.916520928011901
 ],
 [
  17305,
  0.8989909464406103
 ],
 [
  3563,
  0.885091005914995
 ],
 [
  11624,
  0.8769554653777119
 ],
 [
  8252,
  0.8534221217315953
 ],
 [
  8009,
  0.8371963899816603
 ],
 [
  342,
  0.8145616959495885
 ],
 [
  3390,
  0.8122500919079556
 ],
 [
  7326,
  0.7931186996438512
 ],
 [
  10725,
  0.7931186996438512
 ],
 [
  12806,
  0.770694876851756
 ],
 [
  18961,
  0.7248294085603446
 ],
 [
  12002,
  0.703452183678321
 ],
 [
  12209,
  0.6849349425457015
 ],
 [
  28,
  0.6816724109389959
 ],
 [
  6896,
  0.6278419338157697
 ],
 [
  6656,
  0.6196860138419916
 ],
 [
  4764,
  0.5983121445670915
 ],
 [
  5631,
  0.5983121445670915
 ],
 [
  19589,
  0.5771972080187732
 ],
 [
  12967,
  0.5553582577674175
 ]
]