[
 [
  19743,
  2.5440062360710836
 ],
 [
  18072,
  2.519203391747293
 ],
 [
  16616,
  2.513078064387561
 ],
 [
  7513,
  2.4828928644867805
 ],
 [
  11651,
  2.4828928644867805
 ],
 [
  16532,
  2.4828928644867805
 ],
 [
  8832,
  2.4651273135171117
 ],
 [
  16877,
  2.4651273135171117
 ],
 [
  19345,
  2.4534241820663905
 ],
 [
  52,
  2.447614187908144
 ],
 [
  3654,
  2.447614187908144
 ],
 [
  5067,
  2.447614187908144
 ],
 [
  3325,
  2.444141381065433
 ],
 [
  1304,
  2.441831646224692
 ],
 [
  4853,
  2.441831646224692
 ],
 [
  7131,
  2.4389506093292526
 ],
 [
  10726,
  2.4389506093292526
 ],
 [
  18189,
  2.4360763629034263
 ],
 [
  10170,
  2.426924127710939
 ],
 [
  11021,
  2.426069630180599
 ],
 [
  21288,
  2.424646804004375
 ],
 [
  3213,
  2.4189721492447833
 ],
 [
  20015,
  2.4133239944418325
 ],
 [
  1509,
  2.4013091812290948
 ],
 [
  2788,
  2.3965366864109905
 ],
 [
  4421,
  2.390992696601391
 ],
 [
  2131,
  2.3882303094087782
 ],
 [
  16467,
  2.3854742977915557
 ],
 [
  10182,
  2.375878147402115
 ],
 [
  5101,
  2.3745135676610585
 ],
 [
  16575,
  2.3734230319398106
 ],
 [
  15882,
  2.3690708876281295
 ],
 [
  16882,
  2.3690708876281295
 ],
 [
  16889,
  2.3690708876281295
 ],
 [
  8412,
  2.3677141139180304
 ],
 [
  587,
  2.3636531011334494
 ],
 [
  5872,
  2.3636531011334494
 ],
 [
  18759,
  2.3636531011334494
 ],
 [
  19805,
  2.358260037780911
 ],
 [
  5324,
  2.355572724458912
 ],
 [
  12944,
  2.355572724458912
 ],
 [
  20677,
  2.355572724458912
 ],
 [
  11432,
  2.347547406658243
 ],
 [
  15007,
  2.347547406658243
 ],
 [
  16556,
  2.347547406658243
 ],
 [
  18175,
  2.347547406658243
 ],
 [
  4325,
  2.3395765868937466
 ],
 [
  7691,
  2.3395765868937466
 ],
 [
  838,
  2.3369316618079052
 ],
 [
  8917,
  2.3369316618079052
 ],
 [
  1161,
  2.331659711918983
 ],
 [
  8921,
  2.331659711918983
 ],
 [
  12218,
  2.331659711918983
 ],
 [
  15631,
  2.331659711918983
 ],
 [
  1749,
  2.327721332882418
 ],
 [
  727,
  2.323796235950763
 ],
 [
  5045,
  2.323796235950763
 ],
 [
  7201,
  2.323796235950763
 ],
 [
  2911,
  2.315985620543723
 ],
 [
  1334,
  2.3082273344674205
 ],
 [
  4996,
  2.3082273344674205
 ],
 [
  2418,
  2.30052085358589
 ],
 [
  15068,
  2.30052085358589
 ],
 [
  6918,
  2.2928656607396083
 ],
 [
  4539,
  2.290325238736781
 ],
 [
  6174,
  2.290325238736781
 ],
 [
  8916,
  2.285261245629803
 ],
 [
  20686,
  2.2852612456298025
 ],
 [
  14213,
  2.2777071047050605
 ],
 [
  1296,
  2.27770710470506
 ],
 [
  6855,
  2.27770710470506
 ],
 [
  18826,
  2.27770710470506
 ],
 [
  3588,
  2.2731985447695306
 ],
 [
  7885,
  2.2702027410501717
 ],
 [
  21397,
  2.2702027410501717
 ],
 [
  1775,
  2.2627476642771707
 ],
 [
  9968,
  2.2627476642771707
 ],
 [
  10986,
  2.2627476642771707
 ],
 [
  21160,
  2.2627476642771707
 ],
 [
  7172,
  2.2602735074949503
 ],
 [
  16639,
  2.255341390418512
 ],
 [
  19361,
  2.255341390418512
 ],
 [
  20505,
  2.255341390418512
 ],
 [
  5533,
  2.2479834418223366
 ],
 [
  8235,
  2.2479834418223366
 ],
 [
  18282,
  2.2479834418223366
 ],
 [
  18702,
  2.240673347049787
 ],
 [
  19298,
  2.240673347049787
 ],
 [
  3224,
  2.2334106407743146
 ],
 [
  7153,
  2.2334106407743146
 ],
 [
  10400,
  2.2334106407743146
 ],
 [
  16462,
  2.2334106407743146
 ],
 [
  17790,
  2.2334106407743146
 ],
 [
  18895,
  2.2334106407743146
 ],
 [
  2422,
  2.2261948636829403
 ],
 [
  18098,
  2.2261948636829403
 ],
 [
  15081,
  2.2190255623794237
 ],
 [
  18059,
  2.2190255623794237
 ],
 [
  6021,
  2.216646045706652
 ],
 [
  9376,
  2.2119022892892963
 ],
 [
  19386,
  2.2119022892892963
 ],
 [
  17019,
  2.204824602566718
 ],
 [
  5753,
  2.197792066003118
 ],
 [
  4333,
  2.193128578818012
 ],
 [
  2884,
  2.1908042489375754
 ],
 [
  7050,
  2.1908042489375754
 ],
 [
  7372,
  2.1908042489375754
 ],
 [
  13132,
  2.183860726168907
 ],
 [
  17610,
  2.183860726168907
 ],
 [
  21009,
  2.183860726168907
 ],
 [
  18844,
  2.1701048895002937
 ],
 [
  5551,
  2.16329175172856
 ],
 [
  15355,
  2.16329175172856
 ],
 [
  18410,
  2.16329175172856
 ],
 [
  2445,
  2.161030202594784
 ],
 [
  3544,
  2.156521260345633
 ],
 [
  5122,
  2.156521260345633
 ],
 [
  10252,
  2.156521260345633
 ],
 [
  19420,
  2.156521260345633
 ],
 [
  14399,
  2.149793016187377
 ],
 [
  17606,
  2.149793016187377
 ],
 [
  21239,
  2.149793016187377
 ],
 [
  6900,
  2.143106625055652
 ],
 [
  17609,
  2.143106625055652
 ],
 [
  11920,
  2.1364616976413315
 ],
 [
  12984,
  2.1364616976413315
 ],
 [
  10014,
  2.1342558694027103
 ],
 [
  5569,
  2.129857849448738
 ],
 [
  18312,
  2.129857849448738
 ],
 [
  4251,
  2.116771876369671
 ],
 [
  10878,
  2.116771876369671
 ],
 [
  15214,
  2.1124455460852003
 ],
 [
  9050,
  2.1102890058984363
 ],
 [
  16609,
  2.1102890058984363
 ],
 [
  5465,
  2.1038457233377987
 ],
 [
  7888,
  2.1038457233377987
 ],
 [
  14095,
  2.1038457233377987
 ],
 [
  19615,
  2.1038457233377987
 ],
 [
  3736,
  2.0974416671737943
 ],
 [
  15277,
  2.0974416671737943
 ],
 [
  17551,
  2.0974416671737943
 ],
 [
  8923,
  2.0910764802808592
 ],
 [
  19173,
  2.0910764802808592
 ],
 [
  5921,
  2.0847498098554444
 ],
 [
  8542,
  2.082649418564612
 ],
 [
  564,
  2.081600809232683
 ],
 [
  13713,
  2.0784613073508305
 ],
 [
  16217,
  2.0784613073508305
 ],
 [
  20565,
  2.0784613073508305
 ],
 [
  4347,
  2.0701354150823867
 ],
 [
  7165,
  2.06599743281837
 ],
 [
  17705,
  2.06599743281837
 ],
 [
  18260,
  2.06599743281837
 ],
 [
  20377,
  2.06599743281837
 ],
 [
  21156,
  2.06599743281837
 ],
 [
  17150,
  2.059821384410883
 ],
 [
  10813,
  2.0536821510425582
 ],
 [
  11973,
  2.0536821510425582
 ],
 [
  20616,
  2.0536821510425582
 ],
 [
  4295,
  2.0455532076921696
 ],
 [
  7874,
  2.041512820512825
 ],
 [
  10991,
  2.041512820512825
 ],
 [
  11335,
  2.041512820512825
 ],
 [
  20383,
  2.041512820512825
 ],
 [
  4182,
  2.0374883630559384
 ],
 [
  8280,
  2.0354820785626155
 ],
 [
  5607,
  2.029486861960083
 ],
 [
  11583,
  2.0176017565342326
 ],
 [
  3400,
  2.0117112526899508
 ],
 [
  1748,
  2.005855044045329
 ],
 [
  2292,
  2.005855044045329
 ],
 [
  12058,
  2.005855044045329
 ],
 [
  14541,
  2.005855044045329
 ],
 [
  18720,
  2.005855044045329
 ],
 [
  16899,
  2.000032831963743
 ],
 [
  15756,
  1.9942443212658352
 ],
 [
  17262,
  1.9942443212658352
 ],
 [
  1004,
  1.9827672402915002
 ],
 [
  4492,
  1.9827672402915002
 ],
 [
  17695,
  1.9827672402915002
 ],
 [
  19445,
  1.9827672402915002
 ],
 [
  10824,
  1.971421506958512
 ],
 [
  16878,
  1.971421506958512
 ],
 [
  1278,
  1.9602048793146853
 ],
 [
  11873,
  1.9602048793146853
 ],
 [
  20449,
  1.9602048793146853
 ],
 [
  8804,
  1.954644293428276
 ],
 [
  8886,
  1.954644293428276
 ],
 [
  1305,
  1.9491151661425465
 ],
 [
  6188,
  1.9491151661425465
 ],
 [
  9070,
  1.9491151661425465
 ],
 [
  9504,
  1.9491151661425465
 ],
 [
  15282,
  1.9491151661425465
 ],
 [
  16736,
  1.9491151661425465
 ],
 [
  3859,
  1.9381502255322651
 ],
 [
  11735,
  1.9381502255322651
 ],
 [
  11985,
  1.9381502255322651
 ],
 [
  20426,
  1.9381502255322651
 ],
 [
  1725,
  1.9327138887332023
 ],
 [
  18819,
  1.9273079635024895
 ],
 [
  14977,
  1.9237207828795537
 ],
 [
  11130,
  1.9219321953625716
 ],
 [
  173,
  1.9165863326672132
 ],
 [
  8924,
  1.9165863326672132
 ],
 [
  14435,
  1.9165863326672132
 ],
 [
  15664,
  1.9165863326672132
 ],
 [
  16620,
  1.9165863326672132
 ],
 [
  16693,
  1.9165863326672132
 ],
 [
  16881,
  1.9165863326672132
 ],
 [
  20589,
  1.9165863326672132
 ],
 [
  760,
  1.911270126562235
 ],
 [
  17002,
  1.9059833309468934
 ],
 [
  19688,
  1.9033508859098902
 ],
 [
  9654,
  1.9007257024359103
 ],
 [
  4975,
  1.895497000322117
 ],
 [
  10159,
  1.895497000322117
 ],
 [
  10198,
  1.895497000322117
 ],
 [
  16883,
  1.895497000322117
 ],
 [
  11594,
  1.8851254256281826
 ],
 [
  11868,
  1.8851254256281826
 ],
 [
  178,
  1.8792496119150326
 ],
 [
  6009,
  1.874866733389043
 ],
 [
  7147,
  1.874866733389043
 ],
 [
  14629,
  1.874866733389043
 ],
 [
  17765,
  1.874866733389043
 ],
 [
  4525,
  1.8697791438496032
 ],
 [
  7615,
  1.8697791438496032
 ],
 [
  4379,
  1.864719090689113
 ],
 [
  7138,
  1.864719090689113
 ],
 [
  7464,
  1.864719090689113
 ],
 [
  20733,
  1.85468070408152
 ],
 [
  7399,
  1.8513585499178988
 ],
 [
  1737,
  1.8447498185314282
 ],
 [
  6766,
  1.8447498185314282
 ],
 [
  4211,
  1.8349247163931282
 ],
 [
  5899,
  1.8349247163931282
 ],
 [
  20629,
  1.8349247163931282
 ],
 [
  15974,
  1.834924716393128
 ],
 [
  1502,
  1.8284325851488725
 ],
 [
  9368,
  1.8252037164196446
 ],
 [
  11900,
  1.8252037164196446
 ],
 [
  16191,
  1.8252037164196446
 ],
 [
  14262,
  1.8155851728036565
 ],
 [
  16880,
  1.8155851728036565
 ],
 [
  9286,
  1.8060674742485858
 ],
 [
  8795,
  1.796649043068748
 ],
 [
  17587,
  1.796649043068748
 ],
 [
  21033,
  1.796649043068748
 ],
 [
  3152,
  1.7873283343175166
 ],
 [
  12969,
  1.7873283343175166
 ],
 [
  14028,
  1.7873283343175166
 ],
 [
  16239,
  1.7873283343175166
 ],
 [
  4510,
  1.7827041518004454
 ],
 [
  9002,
  1.7827041518004454
 ],
 [
  3960,
  1.7781038349424807
 ],
 [
  19839,
  1.7781038349424807
 ],
 [
  3069,
  1.773527199461209
 ],
 [
  11107,
  1.773527199461209
 ],
 [
  3197,
  1.7599375666946535
 ],
 [
  12667,
  1.7599375666946535
 ],
 [
  19577,
  1.7599375666946535
 ],
 [
  2875,
  1.7509929239433957
 ],
 [
  8798,
  1.7509929239433957
 ],
 [
  13067,
  1.7509929239433957
 ],
 [
  11659,
  1.746554611091448
 ],
 [
  653,
  1.7421387412957228
 ],
 [
  4506,
  1.7421387412957228
 ],
 [
  12492,
  1.7421387412957228
 ],
 [
  15789,
  1.7421387412957228
 ],
 [
  4622,
  1.737745144755048
 ],
 [
  18879,
  1.733373653376864
 ],
 [
  20158,
  1.733373653376864
 ],
 [
  16233,
  1.7290241007557918
 ],
 [
  15972,
  1.7246963221525122
 ],
 [
  18192,
  1.7246963221525122
 ],
 [
  5685,
  1.7161054362478925
 ],
 [
  11505,
  1.7161054362478925
 ],
 [
  18881,
  1.7161054362478925
 ],
 [
  18901,
  1.7161054362478925
 ],
 [
  4887,
  1.7075997102870875
 ],
 [
  16345,
  1.7075997102870875
 ],
 [
  6682,
  1.699177884251907
 ],
 [
  6912,
  1.699177884251907
 ],
 [
  21429,
  1.699177884251907
 ],
 [
  14519,
  1.690838722859641
 ],
 [
  16042,
  1.690838722859641
 ],
 [
  3935,
  1.6866997619933537
 ],
 [
  1223,
  1.682581014959044
 ],
 [
  2392,
  1.682581014959044
 ],
 [
  5002,
  1.682581014959044
 ],
 [
  5762,
  1.682581014959044
 ],
 [
  9876,
  1.682581014959044
 ],
 [
  14924,
  1.682581014959044
 ],
 [
  17827,
  1.6744035729439348
 ],
 [
  18247,
  1.6744035729439348
 ],
 [
  131,
  1.6663052321838088
 ],
 [
  19008,
  1.6663052321838088
 ],
 [
  21119,
  1.6663052321838088
 ],
 [
  1281,
  1.658284850470901
 ],
 [
  18573,
  1.6543035433159619
 ],
 [
  7778,
  1.6503413074831328
 ],
 [
  8334,
  1.6503413074831328
 ],
 [
  12702,
  1.6424735042624294
 ],
 [
  16485,
  1.6346803627078819
 ],
 [
  6934,
  1.6231283326525427
 ],
 [
  21358,
  1.6193138535384901
 ],
 [
  21394,
  1.6193138535384901
 ],
 [
  19660,
  1.6126814792101314
 ],
 [
  8780,
  1.6079772350060928
 ],
 [
  18684,
  1.6079772350060928
 ],
 [
  19944,
  1.6042335539405688
 ],
 [
  6567,
  1.5967982454959169
 ],
 [
  21079,
  1.5967982454959169
 ],
 [
  18658,
  1.593106377415944
 ],
 [
  7242,
  1.5894315414810671
 ],
 [
  8105,
  1.5894315414810671
 ],
 [
  20898,
  1.5894315414810671
 ],
 [
  21395,
  1.5894315414810671
 ],
 [
  1793,
  1.5821324967528254
 ],
 [
  4784,
  1.5821324967528254
 ],
 [
  4837,
  1.5821324967528254
 ],
 [
  19316,
  1.5821324967528254
 ],
 [
  469,
  1.5749001834499157
 ],
 [
  9472,
  1.5749001834499157
 ],
 [
  17154,
  1.5749001834499157
 ],
 [
  17844,
  1.5749001834499157
 ],
 [
  2462,
  1.5677336905997816
 ],
 [
  2895,
  1.5677336905997816
 ],
 [
  3153,
  1.5677336905997816
 ],
 [
  4247,
  1.5677336905997816
 ],
 [
  4501,
  1.5677336905997816
 ],
 [
  7111,
  1.5677336905997816
 ],
 [
  9296,
  1.5677336905997816
 ],
 [
  19405,
  1.5677336905997816
 ],
 [
  3230,
  1.5641748466892413
 ],
 [
  3332,
  1.560632123736068
 ],
 [
  9811,
  1.5535946045264575
 ],
 [
  384,
  1.5466202704105287
 ],
 [
  19208,
  1.5466202704105287
 ],
 [
  19407,
  1.5466202704105287
 ],
 [
  20942,
  1.5466202704105287
 ],
 [
  945,
  1.539708274247325
 ],
 [
  11982,
  1.539708274247325
 ],
 [
  14976,
  1.539708274247325
 ],
 [
  20908,
  1.539708274247325
 ],
 [
  6899,
  1.536275392298102
 ],
 [
  2404,
  1.532857783972332
 ],
 [
  8834,
  1.532857783972332
 ],
 [
  11105,
  1.532857783972332
 ],
 [
  11444,
  1.532857783972332
 ],
 [
  15698,
  1.532857783972332
 ],
 [
  19495,
  1.530587813505239
 ],
 [
  1340,
  1.5260679822635737
 ],
 [
  5578,
  1.5260679822635737
 ],
 [
  6423,
  1.5260679822635737
 ],
 [
  9561,
  1.5260679822635737
 ],
 [
  930,
  1.5193380662165379
 ],
 [
  3706,
  1.5193380662165379
 ],
 [
  6517,
  1.5193380662165379
 ],
 [
  737,
  1.5126672470276725
 ],
 [
  2184,
  1.5126672470276725
 ],
 [
  2374,
  1.5126672470276725
 ],
 [
  13037,
  1.5126672470276725
 ],
 [
  17615,
  1.5126672470276725
 ],
 [
  21023,
  1.5126672470276725
 ],
 [
  40,
  1.5060547496861778
 ],
 [
  1202,
  1.5060547496861778
 ],
 [
  2324,
  1.5060547496861778
 ],
 [
  3999,
  1.5060547496861778
 ],
 [
  8593,
  1.5060547496861778
 ],
 [
  14837,
  1.5060547496861778
 ],
 [
  20037,
  1.5060547496861778
 ],
 [
  14667,
  1.5027701332147476
 ],
 [
  6539,
  1.4994998126738501
 ],
 [
  18159,
  1.4994998126738501
 ],
 [
  18201,
  1.4994998126738501
 ],
 [
  17177,
  1.4973274951403484
 ],
 [
  15826,
  1.4962436949339644
 ],
 [
  16827,
  1.4962436949339644
 ],
 [
  1746,
  1.4951614625519705
 ],
 [
  2356,
  1.4930016876727286
 ],
 [
  2822,
  1.4930016876727286
 ],
 [
  5173,
  1.4930016876727286
 ],
 [
  11723,
  1.4930016876727286
 ],
 [
  18151,
  1.4930016876727286
 ],
 [
  1246,
  1.4865596392803113
 ],
 [
  3263,
  1.4865596392803113
 ],
 [
  4002,
  1.4865596392803113
 ],
 [
  4989,
  1.4865596392803113
 ],
 [
  11722,
  1.4865596392803113
 ],
 [
  12053,
  1.4865596392803113
 ],
 [
  12339,
  1.4865596392803113
 ],
 [
  17142,
  1.4865596392803113
 ],
 [
  18687,
  1.4865596392803113
 ],
 [
  20656,
  1.4865596392803113
 ],
 [
  8396,
  1.4801729447321124
 ],
 [
  20594,
  1.4801729447321124
 ],
 [
  801,
  1.4738408936313407
 ],
 [
  12068,
  1.4738408936313407
 ],
 [
  17745,
  1.4738408936313407
 ],
 [
  20555,
  1.4738408936313407
 ],
 [
  2606,
  1.467562787685486
 ],
 [
  12905,
  1.467562787685486
 ],
 [
  15946,
  1.467562787685486
 ],
 [
  19656,
  1.467562787685486
 ],
 [
  3410,
  1.4613379404496118
 ],
 [
  7877,
  1.4613379404496118
 ],
 [
  8703,
  1.4613379404496118
 ],
 [
  11468,
  1.4613379404496118
 ],
 [
  11761,
  1.4613379404496118
 ],
 [
  7908,
  1.4551656770761503
 ],
 [
  2574,
  1.4490453340710134
 ],
 [
  6670,
  1.4490453340710134
 ],
 [
  9330,
  1.4490453340710134
 ],
 [
  11406,
  1.4490453340710134
 ],
 [
  19007,
  1.4490453340710134
 ],
 [
  1118,
  1.4429762590558326
 ],
 [
  6614,
  1.4429762590558326
 ],
 [
  6737,
  1.4429762590558326
 ],
 [
  9043,
  1.4429762590558326
 ],
 [
  9390,
  1.4429762590558326
 ],
 [
  17433,
  1.4429762590558326
 ],
 [
  2312,
  1.4369578105361496
 ],
 [
  6214,
  1.4369578105361496
 ],
 [
  9631,
  1.4369578105361496
 ],
 [
  11969,
  1.4369578105361496
 ],
 [
  2842,
  1.4309893576753803
 ],
 [
  5646,
  1.4309893576753803
 ],
 [
  8427,
  1.4309893576753803
 ],
 [
  1614,
  1.425070280074394
 ],
 [
  2452,
  1.425070280074394
 ],
 [
  19115,
  1.425070280074394
 ],
 [
  16277,
  1.4221290659225676
 ],
 [
  804,
  1.4191999675565348
 ],
 [
  3017,
  1.4191999675565348
 ],
 [
  14652,
  1.4191999675565348
 ],
 [
  380,
  1.4133778199579408
 ],
 [
  19810,
  1.4133778199579408
 ],
 [
  21030,
  1.4076032469229958
 ],
 [
  11152,
  1.401875667704784
 ],
 [
  12564,
  1.401875667704784
 ],
 [
  3466,
  1.3961945109703866
 ],
 [
  9687,
  1.3924325854576352
 ],
 [
  1315,
  1.3905592146109036
 ],
 [
  20080,
  1.3905592146109036
 ],
 [
  7930,
  1.3849692255560493
 ],
 [
  12370,
  1.3849692255560493
 ],
 [
  14613,
  1.3849692255560493
 ],
 [
  14711,
  1.3849692255560493
 ],
 [
  6436,
  1.3794239995932074
 ],
 [
  12859,
  1.3684657033259455
 ],
 [
  12107,
  1.3630515873160112
 ],
 [
  2922,
  1.3576801426544096
 ],
 [
  5094,
  1.3576801426544096
 ],
 [
  20982,
  1.3576801426544096
 ],
 [
  5330,
  1.352350866850067
 ],
 [
  9817,
  1.352350866850067
 ],
 [
  17001,
  1.352350866850067
 ],
 [
  8945,
  1.3470632652707355
 ],
 [
  10199,
  1.3470632652707355
 ],
 [
  11581,
  1.3418168509899555
 ],
 [
  7661,
  1.3366111446375757
 ],
 [
  15107,
  1.3366111446375757
 ],
 [
  6284,
  1.3314456742537475
 ],
 [
  6757,
  1.3314456742537475
 ],
 [
  11992,
  1.3314456742537475
 ],
 [
  15644,
  1.3314456742537475
 ],
 [
  7902,
  1.326319975146281
 ],
 [
  6340,
  1.3237718965577654
 ],
 [
  16354,
  1.3237718965577654
 ],
 [
  18026,
  1.3237718965577654
 ],
 [
  1696,
  1.3212335897512941
 ],
 [
  2087,
  1.3212335897512941
 ],
 [
  14513,
  1.3212335897512941
 ],
 [
  1207,
  1.3161860674970476
 ],
 [
  19623,
  1.3161860674970476
 ],
 [
  2848,
  1.3111769646708948
 ],
 [
  3899,
  1.3111769646708948
 ],
 [
  4868,
  1.3111769646708948
 ],
 [
  6866,
  1.3111769646708948
 ],
 [
  8418,
  1.3111769646708948
 ],
 [
  10548,
  1.3086866837266244
 ],
 [
  1455,
  1.3062058442892537
 ],
 [
  1778,
  1.3062058442892537
 ],
 [
  9423,
  1.3062058442892537
 ],
 [
  16242,
  1.3062058442892537
 ],
 [
  10229,
  1.301272275970529
 ],
 [
  10256,
  1.301272275970529
 ],
 [
  12216,
  1.301272275970529
 ],
 [
  20245,
  1.301272275970529
 ],
 [
  12725,
  1.2963758358109025
 ],
 [
  15880,
  1.2963758358109025
 ],
 [
  7815,
  1.2915161062629155
 ],
 [
  16343,
  1.2915161062629155
 ],
 [
  18343,
  1.2915161062629155
 ],
 [
  10063,
  1.2866926760167743
 ],
 [
  5512,
  1.2819051398843029
 ],
 [
  11841,
  1.277153098685481
 ],
 [
  12044,
  1.277153098685481
 ],
 [
  627,
  1.2747902655579317
 ],
 [
  6923,
  1.2724361591374909
 ],
 [
  5268,
  1.2700907311674436
 ],
 [
  401,
  1.2677539337462183
 ],
 [
  4582,
  1.2677539337462183
 ],
 [
  742,
  1.265425719324127
 ],
 [
  3818,
  1.2631060407001384
 ],
 [
  8575,
  1.2631060407001384
 ],
 [
  9092,
  1.2631060407001384
 ],
 [
  11829,
  1.2631060407001384
 ],
 [
  6503,
  1.2584921037665269
 ],
 [
  9454,
  1.2584921037665269
 ],
 [
  11770,
  1.2584921037665269
 ],
 [
  6196,
  1.2539117521899386
 ],
 [
  10149,
  1.2539117521899386
 ],
 [
  11395,
  1.2448503488787255
 ],
 [
  7501,
  1.2403685821365018
 ],
 [
  721,
  1.2359189705480287
 ],
 [
  9680,
  1.2359189705480287
 ],
 [
  1887,
  1.2315011692968212
 ],
 [
  11330,
  1.230035578954943
 ],
 [
  16020,
  1.2271148384790294
 ],
 [
  17612,
  1.2271148384790294
 ],
 [
  749,
  1.2227596430162624
 ],
 [
  6927,
  1.2227596430162624
 ],
 [
  12693,
  1.2227596430162624
 ],
 [
  7124,
  1.218435252570257
 ],
 [
  15539,
  1.2162845072733717
 ],
 [
  316,
  1.2141413414593583
 ],
 [
  11434,
  1.2141413414593583
 ],
 [
  17960,
  1.2141413414593583
 ],
 [
  2096,
  1.20987758857675
 ],
 [
  20046,
  1.2056436773104133
 ],
 [
  12773,
  1.204589825565012
 ],
 [
  3064,
  1.1972641351838431
 ],
 [
  130,
  1.193117892876321
 ],
 [
  1076,
  1.193117892876321
 ],
 [
  5026,
  1.193117892876321
 ],
 [
  4940,
  1.1890002691417607
 ],
 [
  3940,
  1.1849109686986234
 ],
 [
  10545,
  1.1808497003136662
 ],
 [
  21449,
  1.1808497003136662
 ],
 [
  1770,
  1.1768161767328011
 ],
 [
  14441,
  1.1768161767328011
 ],
 [
  18325,
  1.1768161767328011
 ],
 [
  10095,
  1.1728101146133687
 ],
 [
  3563,
  1.168831234457786
 ],
 [
  10456,
  1.1688312344577858
 ],
 [
  17017,
  1.1688312344577858
 ],
 [
  20959,
  1.1688312344577858
 ],
 [
  717,
  1.1648792605485445
 ],
 [
  814,
  1.1648792605485445
 ],
 [
  7610,
  1.1648792605485445
 ],
 [
  17228,
  1.1648792605485445
 ],
 [
  17812,
  1.1648792605485445
 ],
 [
  7230,
  1.1609539208845208
 ],
 [
  7524,
  1.1609539208845208
 ],
 [
  8838,
  1.1609539208845208
 ],
 [
  16887,
  1.1609539208845208
 ],
 [
  6351,
  1.1531820744963717
 ],
 [
  28,
  1.152217903955865
 ],
 [
  9969,
  1.1512553443460964
 ],
 [
  9996,
  1.1512553443460964
 ],
 [
  21547,
  1.1512553443460964
 ],
 [
  7608,
  1.1493350417965063
 ],
 [
  6034,
  1.149335041796506
 ],
 [
  11007,
  1.149335041796506
 ],
 [
  12861,
  1.149335041796506
 ],
 [
  18375,
  1.149335041796506
 ],
 [
  20088,
  1.149335041796506
 ],
 [
  12089,
  1.1455135912717163
 ],
 [
  19807,
  1.1455135912717163
 ],
 [
  17302,
  1.1417174685913438
 ],
 [
  18607,
  1.1417174685913438
 ],
 [
  7496,
  1.1379464227849068
 ],
 [
  12857,
  1.1379464227849068
 ],
 [
  15357,
  1.1379464227849068
 ],
 [
  18575,
  1.1379464227849068
 ],
 [
  7760,
  1.134200206186786
 ],
 [
  11881,
  1.1304785743820083
 ],
 [
  15571,
  1.1304785743820083
 ],
 [
  15718,
  1.1304785743820083
 ],
 [
  20447,
  1.1304785743820083
 ],
 [
  2768,
  1.1267812861530857
 ],
 [
  6040,
  1.1267812861530857
 ],
 [
  9560,
  1.1267812861530857
 ],
 [
  11423,
  1.1267812861530857
 ],
 [
  8681,
  1.1231081034279011
 ],
 [
  10445,
  1.1231081034279011
 ],
 [
  18257,
  1.1231081034279011
 ],
 [
  540,
  1.121889025263158
 ],
 [
  9838,
  1.1194587912286047
 ],
 [
  3351,
  1.1158331176215084
 ],
 [
  21304,
  1.1140290736310328
 ],
 [
  5511,
  1.1122308536679453
 ],
 [
  7797,
  1.1122308536679453
 ],
 [
  18267,
  1.1122308536679453
 ],
 [
  18447,
  1.1122308536679453
 ],
 [
  20452,
  1.1122308536679453
 ],
 [
  5165,
  1.1086517733760823
 ],
 [
  8910,
  1.1086517733760823
 ],
 [
  9543,
  1.1086517733760823
 ],
 [
  14975,
  1.1086517733760823
 ],
 [
  17983,
  1.1086517733760823
 ],
 [
  20504,
  1.1086517733760823
 ],
 [
  20805,
  1.1086517733760823
 ],
 [
  9244,
  1.107760599543588
 ],
 [
  17549,
  1.1050956536536607
 ],
 [
  19558,
  1.1050956536536607
 ],
 [
  5233,
  1.1015622742616367
 ],
 [
  18801,
  1.1015622742616367
 ],
 [
  20411,
  1.1015622742616367
 ],
 [
  19102,
  1.0980514177687177
 ],
 [
  5534,
  1.0945628695067577
 ],
 [
  5963,
  1.0945628695067577
 ],
 [
  7530,
  1.0945628695067577
 ],
 [
  2072,
  1.0910964175270055
 ],
 [
  5291,
  1.0910964175270055
 ],
 [
  8873,
  1.0910964175270055
 ],
 [
  19683,
  1.0893714121419755
 ],
 [
  504,
  1.0876518525571763
 ],
 [
  4391,
  1.0876518525571763
 ],
 [
  5136,
  1.0876518525571763
 ],
 [
  10219,
  1.0876518525571763
 ],
 [
  17713,
  1.0876518525571763
 ],
 [
  21116,
  1.0876518525571763
 ],
 [
  282,
  1.0842289679593413
 ],
 [
  836,
  1.0842289679593413
 ],
 [
  14440,
  1.0842289679593413
 ],
 [
  18984,
  1.0842289679593413
 ],
 [
  4854,
  1.0808275596886008
 ],
 [
  9065,
  1.0808275596886008
 ],
 [
  15955,
  1.0808275596886008
 ],
 [
  9887,
  1.0774474262525418
 ],
 [
  17823,
  1.0774474262525418
 ],
 [
  6867,
  1.0757652753192763
 ],
 [
  6097,
  1.0740883686714466
 ],
 [
  14107,
  1.0740883686714466
 ],
 [
  1005,
  1.0707501904392487
 ],
 [
  14894,
  1.0707501904392487
 ],
 [
  9602,
  1.0674326974852109
 ],
 [
  21332,
  1.0674326974852109
 ],
 [
  14950,
  1.0641356981363157
 ],
 [
  15814,
  1.0641356981363157
 ],
 [
  19641,
  1.0641356981363157
 ],
 [
  21057,
  1.0641356981363157
 ],
 [
  3571,
  1.0586857274382855
 ],
 [
  3357,
  1.0576024253296712
 ],
 [
  6994,
  1.0576024253296712
 ],
 [
  6791,
  1.0543657801856319
 ],
 [
  18878,
  1.0543657801856319
 ],
 [
  12146,
  1.0527548752400673
 ],
 [
  17149,
  1.0511488852036672
 ],
 [
  10473,
  1.0495477876174368
 ],
 [
  2449,
  1.0479515601590095
 ],
 [
  5577,
  1.0479515601590095
 ],
 [
  7442,
  1.0479515601590095
 ],
 [
  16113,
  1.0479515601590095
 ],
 [
  19496,
  1.0479515601590095
 ],
 [
  1617,
  1.0416149098801988
 ],
 [
  2355,
  1.0416149098801988
 ],
 [
  4191,
  1.0416149098801988
 ],
 [
  1792,
  1.0384752349956197
 ],
 [
  15226,
  1.0384752349956197
 ],
 [
  18452,
  1.0353544306831821
 ],
 [
  2513,
  1.0338010519061689
 ],
 [
  1884,
  1.0322523273242596
 ],
 [
  5098,
  1.0322523273242596
 ],
 [
  10345,
  1.0322523273242596
 ],
 [
  1900,
  1.0291687573269834
 ],
 [
  7539,
  1.0291687573269834
 ],
 [
  8079,
  1.0291687573269834
 ],
 [
  4133,
  1.0261035550960573
 ],
 [
  10671,
  1.0261035550960573
 ],
 [
  20790,
  1.0261035550960573
 ],
 [
  3892,
  1.023056557003117
 ],
 [
  16898,
  1.023056557003117
 ],
 [
  19926,
  1.023056557003117
 ],
 [
  12399,
  1.0200276013576093
 ],
 [
  13187,
  1.0200276013576093
 ],
 [
  2030,
  1.0170165283781942
 ],
 [
  5145,
  1.0170165283781942
 ],
 [
  5706,
  1.0170165283781942
 ],
 [
  8478,
  1.0170165283781942
 ],
 [
  11575,
  1.0170165283781942
 ],
 [
  11120,
  1.0110474006702497
 ],
 [
  11124,
  1.0110474006702497
 ],
 [
  13540,
  1.0110474006702497
 ],
 [
  17000,
  1.0110474006702497
 ],
 [
  13073,
  1.0100593516244678
 ],
 [
  16154,
  1.0090732318409805
 ],
 [
  11387,
  1.008089035674689
 ],
 [
  6649,
  1.0051479327573993
 ],
 [
  11155,
  1.0051479327573993
 ],
 [
  17780,
  1.0022239412713911
 ],
 [
  2627,
  0.9993169123175292
 ],
 [
  9403,
  0.9993169123175292
 ],
 [
  9950,
  0.9993169123175292
 ],
 [
  3338,
  0.9964266987192555
 ],
 [
  2917,
  0.9906961373475306
 ],
 [
  10798,
  0.9906961373475306
 ],
 [
  5226,
  0.9850311132621038
 ],
 [
  696,
  0.9822228273687128
 ],
 [
  9629,
  0.9822228273687128
 ],
 [
  8863,
  0.9794305085842786
 ],
 [
  9799,
  0.9794305085842786
 ],
 [
  9853,
  0.9794305085842786
 ],
 [
  5143,
  0.9766540211182244
 ],
 [
  20389,
  0.973893230715376
 ],
 [
  15121,
  0.9711480046343225
 ],
 [
  16082,
  0.9684182116261395
 ],
 [
  10822,
  0.965703721913474
 ],
 [
  19285,
  0.9648022705203179
 ],
 [
  597,
  0.9630044071699759
 ],
 [
  5302,
  0.9536744890734232
 ],
 [
  11343,
  0.9523563810227204
 ],
 [
  18213,
  0.9523563810227204
 ],
 [
  5295,
  0.949731065618069
 ],
 [
  5561,
  0.9497310656180687
 ],
 [
  17410,
  0.9458201198103127
 ],
 [
  4524,
  0.9445236192104388
 ],
 [
  10221,
  0.9445236192104388
 ],
 [
  2553,
  0.9393729670314355
 ],
 [
  9959,
  0.9393729670314355
 ],
 [
  7445,
  0.9368186492151459
 ],
 [
  16023,
  0.9368186492151459
 ],
 [
  19259,
  0.9368186492151459
 ],
 [
  2381,
  0.9267387959486887
 ],
 [
  21357,
  0.9267387959486887
 ],
 [
  19157,
  0.9217797759222044
 ],
 [
  4947,
  0.9193201147535222
 ],
 [
  10875,
  0.9193201147535222
 ],
 [
  10667,
  0.914439963273728
 ],
 [
  21004,
  0.914439963273728
 ],
 [
  19039,
  0.9132280102895928
 ],
 [
  8439,
  0.9056262890089594
 ],
 [
  3759,
  0.9048334632229839
 ],
 [
  7383,
  0.9048334632229839
 ],
 [
  7268,
  0.9001055073432931
 ],
 [
  11081,
  0.9001055073432931
 ],
 [
  6493,
  0.897760009586856
 ],
 [
  18526,
  0.897760009586856
 ],
 [
  11391,
  0.895426703871193
 ],
 [
  16891,
  0.895426703871193
 ],
 [
  19563,
  0.895426703871193
 ],
 [
  5134,
  0.8931054953802738
 ],
 [
  5366,
  0.8907962902786893
 ],
 [
  15254,
  0.888498995699008
 ],
 [
  20823,
  0.8873547860954221
 ],
 [
  1796,
  0.8839397714010062
 ],
 [
  2546,
  0.8839397714010062
 ],
 [
  1249,
  0.8816776606766155
 ],
 [
  11986,
  0.8816776606766155
 ],
 [
  20863,
  0.8794270984380326
 ],
 [
  17322,
  0.8771879964747493
 ],
 [
  8885,
  0.8749602674723431
 ],
 [
  20020,
  0.8749602674723431
 ],
 [
  12903,
  0.8705385835049807
 ],
 [
  17249,
  0.8705385835049807
 ],
 [
  17272,
  0.8705385835049807
 ],
 [
  8943,
  0.8618279461112308
 ],
 [
  19871,
  0.8618279461112308
 ],
 [
  5156,
  0.8575376711901906
 ],
 [
  17058,
  0.8575376711901906
 ],
 [
  8176,
  0.8554085120563525
 ],
 [
  7037,
  0.8532898996098057
 ],
 [
  21438,
  0.8532898996098057
 ],
 [
  9156,
  0.8490840028685714
 ],
 [
  9512,
  0.8490840028685714
 ],
 [
  8192,
  0.8469965645359208
 ],
 [
  10734,
  0.8469965645359208
 ],
 [
  2357,
  0.8449193647958301
 ],
 [
  8110,
  0.8449193647958301
 ],
 [
  1212,
  0.842852328504292
 ],
 [
  8606,
  0.842852328504292
 ],
 [
  10748,
  0.842852328504292
 ],
 [
  10773,
  0.842852328504292
 ],
 [
  16044,
  0.842852328504292
 ],
 [
  18136,
  0.842852328504292
 ],
 [
  1362,
  0.8407953812508422
 ],
 [
  9015,
  0.8367114598306271
 ],
 [
  20004,
  0.8367114598306271
 ],
 [
  5727,
  0.8346843404309389
 ],
 [
  7804,
  0.8346843404309389
 ],
 [
  3117,
  0.8326670195862765
 ],
 [
  15091,
  0.8326670195862765
 ],
 [
  3942,
  0.8306594264225279
 ],
 [
  15160,
  0.8306594264225279
 ],
 [
  1254,
  0.8286614907474568
 ],
 [
  8068,
  0.8286614907474568
 ],
 [
  3075,
  0.8266731430425244
 ],
 [
  6719,
  0.8246943144548244
 ],
 [
  8210,
  0.8227249367891367
 ],
 [
  19232,
  0.8188142646844496
 ],
 [
  19128,
  0.816872837073487
 ],
 [
  11545,
  0.8149405940254926
 ],
 [
  13904,
  0.8149405940254926
 ],
 [
  19471,
  0.8130174705183683
 ],
 [
  1735,
  0.8111034021423369
 ],
 [
  4573,
  0.8111034021423369
 ],
 [
  13733,
  0.8111034021423369
 ],
 [
  14687,
  0.8111034021423369
 ],
 [
  19333,
  0.8111034021423369
 ],
 [
  8510,
  0.8091983250927502
 ],
 [
  19105,
  0.8073021761629994
 ],
 [
  5432,
  0.8035364127849219
 ],
 [
  951,
  0.8016666748511485
 ],
 [
  14088,
  0.8016666748511485
 ],
 [
  16137,
  0.7979531820705991
 ],
 [
  16181,
  0.7979531820705991
 ],
 [
  4132,
  0.7961093071426865
 ],
 [
  14689,
  0.7906284592954245
 ],
 [
  15384,
  0.7906284592954245
 ],
 [
  17654,
  0.7888182418942973
 ],
 [
  1290,
  0.7870162948796002
 ],
 [
  21101,
  0.7870162948796002
 ],
 [
  1634,
  0.7852225617028229
 ],
 [
  8166,
  0.7852225617028229
 ],
 [
  11535,
  0.7852225617028229
 ],
 [
  2364,
  0.7834369863298132
 ],
 [
  2735,
  0.7816595132349441
 ],
 [
  8101,
  0.7816595132349441
 ],
 [
  4916,
  0.7798900873953568
 ],
 [
  8183,
  0.7798900873953568
 ],
 [
  17434,
  0.7798900873953568
 ],
 [
  14184,
  0.7781286542852835
 ],
 [
  3192,
  0.7763751598704471
 ],
 [
  14313,
  0.7763751598704471
 ],
 [
  759,
  0.7746295506025341
 ],
 [
  5298,
  0.7737596862963644
 ],
 [
  7186,
  0.7728917734137462
 ],
 [
  15939,
  0.7728917734137462
 ],
 [
  15982,
  0.767724910739415
 ],
 [
  5217,
  0.7643185442480827
 ],
 [
  7254,
  0.7643185442480827
 ],
 [
  14766,
  0.7643185442480827
 ],
 [
  15286,
  0.7643185442480827
 ],
 [
  17478,
  0.7643185442480827
 ],
 [
  1026,
  0.7609422720688758
 ],
 [
  9328,
  0.7575956971432757
 ],
 [
  18361,
  0.7575956971432757
 ],
 [
  6225,
  0.7542784293671302
 ],
 [
  6876,
  0.7526306656167526
 ],
 [
  11135,
  0.7526306656167526
 ],
 [
  8085,
  0.7477302887128255
 ],
 [
  19484,
  0.7477302887128255
 ],
 [
  2563,
  0.7412948626973573
 ],
 [
  17714,
  0.7381185121154229
 ],
 [
  2906,
  0.7334046987084482
 ],
 [
  17365,
  0.7334046987084482
 ],
 [
  5473,
  0.731846778537141
 ],
 [
  6060,
  0.7272124791167631
 ],
 [
  3411,
  0.7241554156970708
 ],
 [
  6326,
  0.7241554156970708
 ],
 [
  17135,
  0.7241554156970708
 ],
 [
  12209,
  0.7218794324702222
 ],
 [
  17423,
  0.7196177110158041
 ],
 [
  21251,
  0.7121799378348753
 ],
 [
  16631,
  0.7092477012042865
 ],
 [
  18280,
  0.7092477012042865
 ],
 [
  19586,
  0.7020216704353776
 ],
 [
  2502,
  0.7005940973898368
 ],
 [
  7712,
  0.7005940973898368
 ],
 [
  11118,
  0.6991723185499739
 ],
 [
  16733,
  0.6991723185499739
 ],
 [
  9651,
  0.6949413966379892
 ],
 [
  10103,
  0.6921491151740773
 ],
 [
  11813,
  0.6907613721322021
 ],
 [
  2796,
  0.6880025137293262
 ],
 [
  17506,
  0.6880025137293262
 ],
 [
  20571,
  0.6866313320907456
 ],
 [
  1421,
  0.6839053002188424
 ],
 [
  2924,
  0.6839053002188424
 ],
 [
  11074,
  0.6839053002188424
 ],
 [
  3815,
  0.678517661512348
 ],
 [
  9149,
  0.677183989047154
 ],
 [
  9213,
  0.6758555491443027
 ],
 [
  6922,
  0.6745323110697455
 ],
 [
  1808,
  0.6732142443296574
 ],
 [
  4340,
  0.6732142443296574
 ],
 [
  5711,
  0.6732142443296574
 ],
 [
  8384,
  0.6732142443296574
 ],
 [
  3562,
  0.6705935040646727
 ],
 [
  5172,
  0.6654127639422334
 ],
 [
  6716,
  0.6641300624099375
 ],
 [
  15444,
  0.659048330592832
 ],
 [
  458,
  0.6577900256719922
 ],
 [
  21379,
  0.6540437761311876
 ],
 [
  19432,
  0.6515698930606874
 ],
 [
  5285,
  0.6491146541115166
 ],
 [
  19377,
  0.6491146541115166
 ],
 [
  5376,
  0.6436574515320973
 ],
 [
  15625,
  0.6430567545404567
 ],
 [
  5631,
  0.6406651369525593
 ],
 [
  276,
  0.6359348762900162
 ],
 [
  17366,
  0.6347632051446157
 ],
 [
  1539,
  0.6335958435241401
 ],
 [
  8075,
  0.6266808568832967
 ],
 [
  9637,
  0.6255430070532991
 ],
 [
  10976,
  0.6255430070532991
 ],
 [
  8201,
  0.6244092816694888
 ],
 [
  3112,
  0.6210326291552308
 ],
 [
  19589,
  0.620473401115916
 ],
 [
  1269,
  0.6188017436076474
 ],
 [
  6605,
  0.6188017436076474
 ],
 [
  9440,
  0.6154853060897673
 ],
 [
  8041,
  0.6143877125113466
 ],
 [
  17419,
  0.6132940266367047
 ],
 [
  15213,
  0.6111182948205572
 ],
 [
  4160,
  0.6100362076581543
 ],
 [
  8091,
  0.6068128168775649
 ],
 [
  10131,
  0.6057459098335646
 ],
 [
  8076,
  0.6036233114145502
 ],
 [
  6752,
  0.6025675808073699
 ],
 [
  3030,
  0.6015155366752862
 ],
 [
  9582,
  0.6015155366752862
 ],
 [
  18420,
  0.6015155366752862
 ],
 [
  17371,
  0.5963099431734078
 ],
 [
  5127,
  0.5952796177633087
 ],
 [
  19040,
  0.5922098941620886
 ],
 [
  18360,
  0.5911936763897165
 ],
 [
  9310,
  0.5891716678897244
 ],
 [
  11739,
  0.5891716678897244
 ],
 [
  16220,
  0.5881658415602696
 ],
 [
  9336,
  0.5861644566464388
 ],
 [
  5104,
  0.5851688631827731
 ],
 [
  16423,
  0.5812200811833461
 ],
 [
  16558,
  0.5812200811833461
 ],
 [
  3861,
  0.580241198784928
 ],
 [
  19006,
  0.580241198784928
 ],
 [
  8896,
  0.5792656080816515
 ],
 [
  17386,
  0.5792656080816515
 ],
 [
  3421,
  0.5773242355690589
 ],
 [
  20351,
  0.5763584209408426
 ],
 [
  6742,
  0.5753958323681178
 ],
 [
  10311,
  0.5753958323681178
 ],
 [
  10228,
  0.5734802689495323
 ],
 [
  17187,
  0.5725272621515801
 ],
 [
  16794,
  0.5715774175031595
 ],
 [
  17415,
  0.5696871519095815
 ],
 [
  18604,
  0.5687466998507116
 ],
 [
  16112,
  0.5650157383038301
 ],
 [
  13157,
  0.5622494833050988
 ],
 [
  17373,
  0.5613334077342006
 ],
 [
  8200,
  0.560420312439487
 ],
 [
  9673,
  0.5567974450301324
 ],
 [
  16965,
  0.5567974450301324
 ],
 [
  18409,
  0.5567974450301324
 ],
 [
  18317,
  0.5541108851982607
 ],
 [
  10902,
  0.553221117207585
 ],
 [
  9788,
  0.5496904379193337
 ],
 [
  19392,
  0.5453399611255328
 ],
 [
  18378,
  0.5444781162593624
 ],
 [
  4174,
  0.5436189911812455
 ],
 [
  16226,
  0.537680200051651
 ],
 [
  319,
  0.5302326341646875
 ],
 [
  4490,
  0.5277957496745
 ],
 [
  6603,
  0.5277957496745
 ],
 [
  11624,
  0.5277957496745
 ],
 [
  11830,
  0.5269884248411737
 ],
 [
  372,
  0.5229885663972709
 ],
 [
  8252,
  0.5136322040414273
 ],
 [
  7094,
  0.508327329806685
 ],
 [
  9110,
  0.49876066939256997
 ],
 [
  898,
  0.4966038939923454
 ],
 [
  362,
  0.4958891079937737
 ],
 [
  5471,
  0.4958891079937737
 ],
 [
  20705,
  0.49164323272023325
 ],
 [
  3390,
  0.48885281306399686
 ],
 [
  12917,
  0.48404504745510946
 ],
 [
  5858,
  0.4806684232837772
 ],
 [
  4267,
  0.4799987437286183
 ],
 [
  5778,
  0.47933092760668405
 ],
 [
  10725,
  0.4773385823863867
 ],
 [
  11186,
  0.4753627310266647
 ],
 [
  110,
  0.4747077438569837
 ],
 [
  12662,
  0.4747077438569837
 ],
 [
  18359,
  0.4747077438569837
 ],
 [
  19292,
  0.47275356759754983
 ],
 [
  19038,
  0.4708154144550959
 ],
 [
  16163,
  0.46572385881263256
 ],
 [
  3020,
  0.46321915523758433
 ],
 [
  6844,
  0.4613582365794476
 ],
 [
  17460,
  0.459512210059016
 ],
 [
  2988,
  0.4589001463932966
 ],
 [
  17862,
  0.45646811051793457
 ],
 [
  8441,
  0.4558641240555705
 ],
 [
  7356,
  0.45526173383874025
 ],
 [
  8769,
  0.45406171689657676
 ],
 [
  5176,
  0.4534640776317605
 ],
 [
  17359,
  0.445259328649538
 ],
 [
  20500,
  0.44411139631938196
 ],
 [
  8115,
  0.4424005532266565
 ],
 [
  9581,
  0.44126729535403164
 ],
 [
  1306,
  0.4407028408565787
 ],
 [
  8569,
  0.4395782529956685
 ],
 [
  2197,
  0.4384593899846645
 ],
 [
  4548,
  0.4345878270830705
 ],
 [
  13949,
  0.42757624812869555
 ],
 [
  7062,
  0.42599020211005106
 ],
 [
  5587,
  0.42441587912489553
 ],
 [
  5131,
  0.4207873245436952
 ],
 [
  17883,
  0.4197619628855684
 ],
 [
  3446,
  0.41925115370351995
 ],
 [
  18415,
  0.4137132206937326
 ],
 [
  714,
  0.4132170181961778
 ],
 [
  79,
  0.4127220045509513
 ],
 [
  3027,
  0.4049600493032501
 ],
 [
  5290,
  0.4049600493032501
 ],
 [
  15738,
  0.4049600493032501
 ],
 [
  10278,
  0.4002553628259569
 ],
 [
  3798,
  0.39339978781884544
 ],
 [
  4049,
  0.392503414536913
 ],
 [
  19825,
  0.3841872825834217
 ],
 [
  16926,
  0.3833323540668398
 ],
 [
  419,
  0.3824812220315131
 ],
 [
  965,
  0.3807902466976242
 ],
 [
  854,
  0.3791141573841158
 ],
 [
  5386,
  0.377452758385139
 ],
 [
  5230,
  0.37621623385390707
 ],
 [
  14853,
  0.37539637526826447
 ],
 [
  6656,
  0.37295810009880703
 ],
 [
  19848,
  0.3705512947047929
 ],
 [
  15488,
  0.36975591444704276
 ],
 [
  5311,
  0.36935950339517076
 ],
 [
  16937,
  0.3689639414084605
 ],
 [
  16249,
  0.3673901297880648
 ],
 [
  14635,
  0.365054426347495
 ],
 [
  21508,
  0.3638976763618816
 ],
 [
  12701,
  0.3635137203811908
 ],
 [
  12277,
  0.346338557814951
 ],
 [
  11083,
  0.3428915758856746
 ],
 [
  13629,
  0.3391782857110902
 ],
 [
  7405,
  0.3297635099059363
 ],
 [
  17497,
  0.32694704805000174
 ],
 [
  17396,
  0.299387960557956
 ],
 [
  6657,
  0.29055093718379027
 ]
]