[
 [
  5826,
  4.34651805594912
 ],
 [
  8061,
  4.0614151890379935
 ],
 [
  9227,
  4.055503761217642
 ],
 [
  14936,
  3.978297766106443
 ],
 [
  9719,
  3.9186177265645328
 ],
 [
  17215,
  3.9186177265645328
 ],
 [
  1901,
  3.797559221670506
 ],
 [
  8603,
  3.7000623829065606
 ],
 [
  8613,
  3.5134367183111976
 ],
 [
  1915,
  3.4270100632388916
 ],
 [
  16765,
  3.289451394468573
 ],
 [
  3445,
  3.258674511142785
 ],
 [
  8257,
  3.235967157006603
 ],
 [
  17629,
  3.1130427012813557
 ],
 [
  6804,
  2.929738604042976
 ],
 [
  8638,
  2.929738604042976
 ],
 [
  10830,
  2.869396611838978
 ],
 [
  16099,
  2.822883677309209
 ],
 [
  11216,
  2.811490109854018
 ],
 [
  11886,
  2.7558745650004184
 ],
 [
  842,
  2.68160972598785
 ],
 [
  17568,
  2.661120746210387
 ],
 [
  9144,
  2.6112424096950058
 ],
 [
  249,
  2.446183520870794
 ],
 [
  11183,
  2.4039731814740626
 ],
 [
  7545,
  2.24694511083042
 ],
 [
  19165,
  2.0870554947260938
 ],
 [
  10729,
  2.0001600647586777
 ],
 [
  15472,
  1.9635127614969656
 ],
 [
  17372,
  1.9552455987061077
 ],
 [
  4470,
  1.9434263007789336
 ],
 [
  10640,
  1.9096826697010085
 ],
 [
  2389,
  1.9044615505873326
 ],
 [
  1842,
  1.7917892512155686
 ],
 [
  19570,
  1.7826184872863953
 ],
 [
  1212,
  1.695822626857444
 ],
 [
  17280,
  1.663425686128544
 ],
 [
  11459,
  1.6208492889394446
 ],
 [
  16144,
  1.5985317988601468
 ],
 [
  5800,
  1.5786072612805473
 ],
 [
  10124,
  1.1811189428927324
 ],
 [
  232,
  1.1711895881403802
 ],
 [
  1,
  1.1096227728370043
 ],
 [
  2115,
  1.1078579966162434
 ],
 [
  20005,
  1.08372770916342
 ],
 [
  875,
  1.0753625296152458
 ],
 [
  17953,
  0.8986800295779945
 ],
 [
  9058,
  0.8775663486345374
 ],
 [
  17477,
  0.8216678430889992
 ],
 [
  1312,
  0.702364756612526
 ]
]