[
 [
  16824,
  4.207809325926936
 ],
 [
  8593,
  3.8066508357005264
 ],
 [
  20891,
  3.7658526744644307
 ],
 [
  2711,
  3.648541837774489
 ],
 [
  4853,
  3.0877976957807145
 ],
 [
  10400,
  3.023388460250831
 ],
 [
  6564,
  2.976817754818532
 ],
 [
  2766,
  2.9616113803578994
 ],
 [
  5459,
  2.8593665619974367
 ],
 [
  2733,
  2.7639458255804663
 ],
 [
  21393,
  2.737841457715
 ],
 [
  4008,
  2.712225567098622
 ],
 [
  255,
  2.699596536045558
 ],
 [
  10682,
  2.699596536045558
 ],
 [
  16115,
  2.699596536045558
 ],
 [
  5334,
  2.687084569899699
 ],
 [
  15284,
  2.6746880484690556
 ],
 [
  17150,
  2.6624053813225363
 ],
 [
  7469,
  2.650235007109733
 ],
 [
  16229,
  2.638175392899276
 ],
 [
  20719,
  2.6162263145966147
 ],
 [
  871,
  2.602646193858386
 ],
 [
  17647,
  2.5680612457181318
 ],
 [
  286,
  2.545510771707563
 ],
 [
  6423,
  2.545510771707563
 ],
 [
  15478,
  2.534383399438474
 ],
 [
  20860,
  2.4972261979571924
 ],
 [
  2356,
  2.490830029628746
 ],
 [
  8554,
  2.4801745817616148
 ],
 [
  6065,
  2.4696099108110574
 ],
 [
  12009,
  2.4696099108110574
 ],
 [
  1667,
  2.459134861664285
 ],
 [
  8053,
  2.459134861664285
 ],
 [
  16318,
  2.4384491054967508
 ],
 [
  43,
  2.408064857410641
 ],
 [
  16780,
  2.408064857410641
 ],
 [
  20248,
  2.3981043464129566
 ],
 [
  13507,
  2.3687111512097334
 ],
 [
  18160,
  2.3687111512097334
 ],
 [
  4737,
  2.3590728870018682
 ],
 [
  8748,
  2.3495127409513588
 ],
 [
  16730,
  2.3495127409513588
 ],
 [
  16575,
  2.2937404240135892
 ],
 [
  11380,
  2.2064466900417052
 ],
 [
  15880,
  2.165244923623851
 ],
 [
  9002,
  2.14919187290943
 ],
 [
  12605,
  2.102429847156569
 ],
 [
  14914,
  2.087291447517021
 ],
 [
  5574,
  2.057659381475933
 ],
 [
  15427,
  2.043156626681881
 ],
 [
  3560,
  1.990545170243061
 ],
 [
  15342,
  1.9803463529306369
 ],
 [
  15405,
  1.9276707682443277
 ],
 [
  15439,
  1.9276707682443277
 ],
 [
  6989,
  1.9212827007316067
 ],
 [
  4098,
  1.8419315069576812
 ],
 [
  6296,
  1.8303017262675754
 ],
 [
  12460,
  1.8303017262675754
 ],
 [
  18867,
  1.8245417346084696
 ],
 [
  17181,
  1.78521501372505
 ],
 [
  1502,
  1.7581467118613296
 ],
 [
  19003,
  1.7581467118613296
 ],
 [
  19033,
  1.7581467118613296
 ],
 [
  3014,
  1.7267289035819082
 ],
 [
  16550,
  1.721601445240384
 ],
 [
  5157,
  1.6719534003645777
 ],
 [
  9247,
  1.6576125857230357
 ],
 [
  6744,
  1.6435156893286804
 ],
 [
  18443,
  1.6205462365588825
 ],
 [
  7525,
  1.5720978162598969
 ],
 [
  1022,
  1.5637250200719093
 ],
 [
  1729,
  1.5266661366175862
 ],
 [
  6882,
  1.5266661366175862
 ],
 [
  21376,
  1.5266661366175862
 ],
 [
  6940,
  1.5147004549054293
 ],
 [
  15363,
  1.5068269970443389
 ],
 [
  3938,
  1.4913231135487353
 ],
 [
  18472,
  1.4836902001314922
 ],
 [
  16218,
  1.4799029688050995
 ],
 [
  8765,
  1.47238621470591
 ],
 [
  6062,
  1.4612531732047074
 ],
 [
  17356,
  1.4612531732047074
 ],
 [
  9755,
  1.439484642495598
 ],
 [
  12261,
  1.4288417959703021
 ],
 [
  9150,
  1.4148937513248756
 ],
 [
  16389,
  1.3911289267260822
 ],
 [
  9342,
  1.3844849061971014
 ],
 [
  8500,
  1.3811866380777913
 ],
 [
  18442,
  1.3811866380777913
 ],
 [
  18579,
  1.3811866380777913
 ],
 [
  3366,
  1.3746370232008747
 ],
 [
  20099,
  1.3427991207214982
 ],
 [
  14809,
  1.321376090726268
 ],
 [
  5405,
  1.303766462103834
 ],
 [
  7186,
  1.2890586348024913
 ],
 [
  17119,
  1.2833518202206378
 ],
 [
  18688,
  1.2776953124069907
 ],
 [
  2802,
  1.221179314704818
 ],
 [
  17004,
  1.218612524106916
 ],
 [
  13246,
  1.1886319701111943
 ],
 [
  14749,
  1.1520231546555686
 ],
 [
  2796,
  1.1508797327243234
 ],
 [
  925,
  1.1497385783123413
 ],
 [
  20571,
  1.1463286529412806
 ],
 [
  5711,
  1.128478668078895
 ],
 [
  12720,
  1.1262864307471359
 ],
 [
  7765,
  1.1219274096675713
 ],
 [
  21379,
  1.0964657655186
 ],
 [
  18148,
  1.082139866787618
 ],
 [
  19828,
  1.046964924179605
 ],
 [
  19958,
  1.0302212597070433
 ],
 [
  7471,
  1.022950322300522
 ],
 [
  178,
  1.0122343342315772
 ],
 [
  19485,
  0.9914620728387505
 ],
 [
  965,
  0.9666205468568015
 ],
 [
  854,
  0.9623845185429946
 ],
 [
  12709,
  0.9555135539700534
 ],
 [
  19760,
  0.9339638980607469
 ],
 [
  17305,
  0.9048121974801285
 ],
 [
  3563,
  0.8950343879847904
 ],
 [
  11624,
  0.8854656460668322
 ],
 [
  8252,
  0.8604956005048546
 ],
 [
  8009,
  0.8429794352739921
 ],
 [
  342,
  0.822645383289622
 ],
 [
  3390,
  0.8203174529769939
 ],
 [
  7326,
  0.801049499467919
 ],
 [
  10725,
  0.801049499467919
 ],
 [
  12806,
  0.778462339960324
 ],
 [
  18961,
  0.7267444759768308
 ],
 [
  12002,
  0.7063790841601703
 ],
 [
  12209,
  0.6928721652639765
 ],
 [
  28,
  0.6887565551324949
 ],
 [
  6896,
  0.634485840590747
 ],
 [
  6656,
  0.6262614407343852
 ],
 [
  5631,
  0.6047058875365288
 ],
 [
  4764,
  0.6034470817014824
 ],
 [
  19589,
  0.5828218288645193
 ],
 [
  12967,
  0.5602921150678744
 ]
]