[
 [
  19345,
  2.5207699420795295
 ],
 [
  3325,
  2.513677232229998
 ],
 [
  1304,
  2.508970891716383
 ],
 [
  7131,
  2.5031126909713683
 ],
 [
  10170,
  2.4961188599564346
 ],
 [
  11021,
  2.4943765045459756
 ],
 [
  21288,
  2.4914779779543075
 ],
 [
  1509,
  2.470968507059522
 ],
 [
  20015,
  2.4685300390287543
 ],
 [
  19743,
  2.4600331711856422
 ],
 [
  4421,
  2.457213865614002
 ],
 [
  16467,
  2.451594596421982
 ],
 [
  10182,
  2.443213716905723
 ],
 [
  16575,
  2.441544412398055
 ],
 [
  5101,
  2.4404328094135037
 ],
 [
  7513,
  2.434889942951818
 ],
 [
  15882,
  2.434889942951818
 ],
 [
  18759,
  2.432522129000222
 ],
 [
  8412,
  2.4307492884777733
 ],
 [
  587,
  2.4293721980552525
 ],
 [
  5872,
  2.4266226928839187
 ],
 [
  18072,
  2.4266226928839187
 ],
 [
  18175,
  2.4129679964364654
 ],
 [
  838,
  2.4021543865368242
 ],
 [
  4325,
  2.4021543865368242
 ],
 [
  7691,
  2.4021543865368242
 ],
 [
  8921,
  2.3967838458663233
 ],
 [
  15631,
  2.3967838458663233
 ],
 [
  12218,
  2.3941075707379915
 ],
 [
  727,
  2.3861144859259635
 ],
 [
  5045,
  2.3861144859259635
 ],
 [
  2911,
  2.3781745957247984
 ],
 [
  11651,
  2.3781745957247984
 ],
 [
  16532,
  2.3781745957247984
 ],
 [
  1334,
  2.370287370874124
 ],
 [
  4996,
  2.370287370874124
 ],
 [
  2418,
  2.3624522891115363
 ],
 [
  15068,
  2.3624522891115363
 ],
 [
  4539,
  2.3546688350573186
 ],
 [
  6174,
  2.3546688350573186
 ],
 [
  6918,
  2.3546688350573186
 ],
 [
  16877,
  2.3546688350573186
 ],
 [
  1296,
  2.3392547822927376
 ],
 [
  6855,
  2.3392547822927376
 ],
 [
  18826,
  2.3392547822927376
 ],
 [
  3654,
  2.331623186230356
 ],
 [
  5067,
  2.331623186230356
 ],
 [
  7885,
  2.331623186230356
 ],
 [
  21397,
  2.331623186230356
 ],
 [
  7172,
  2.324041222957185
 ],
 [
  1775,
  2.3240412229571845
 ],
 [
  4853,
  2.3240412229571845
 ],
 [
  21160,
  2.3240412229571845
 ],
 [
  8235,
  2.3090242705443615
 ],
 [
  18702,
  2.301588334779566
 ],
 [
  19298,
  2.301588334779566
 ],
 [
  10400,
  2.2942001383547748
 ],
 [
  17790,
  2.2942001383547748
 ],
 [
  18895,
  2.2942001383547748
 ],
 [
  6021,
  2.279565136312332
 ],
 [
  18059,
  2.2795651363123315
 ],
 [
  18098,
  2.2795651363123315
 ],
 [
  9376,
  2.2766605134150746
 ],
 [
  19386,
  2.2723174316119548
 ],
 [
  17019,
  2.2651156679020095
 ],
 [
  4333,
  2.2555840282502593
 ],
 [
  2884,
  2.2508482272232544
 ],
 [
  7050,
  2.2508482272232544
 ],
 [
  7372,
  2.2508482272232544
 ],
 [
  14213,
  2.248016280106752
 ],
 [
  13132,
  2.2437816957665904
 ],
 [
  17610,
  2.2437816957665904
 ],
 [
  21009,
  2.2437816957665904
 ],
 [
  16882,
  2.229780914387892
 ],
 [
  16889,
  2.229780914387892
 ],
 [
  5551,
  2.2228458416208308
 ],
 [
  18410,
  2.2228458416208308
 ],
 [
  18844,
  2.2228458416208308
 ],
 [
  3544,
  2.2159537740762127
 ],
 [
  5122,
  2.2159537740762127
 ],
 [
  10252,
  2.2159537740762127
 ],
 [
  19420,
  2.2159537740762127
 ],
 [
  19805,
  2.2159537740762127
 ],
 [
  14399,
  2.2091043129696373
 ],
 [
  17606,
  2.2091043129696373
 ],
 [
  21239,
  2.2091043129696373
 ],
 [
  8832,
  2.202297064432045
 ],
 [
  16556,
  2.202297064432045
 ],
 [
  17609,
  2.202297064432045
 ],
 [
  10014,
  2.195531639434216
 ],
 [
  11920,
  2.195531639434216
 ],
 [
  5569,
  2.18880765371266
 ],
 [
  8917,
  2.18880765371266
 ],
 [
  18312,
  2.18880765371266
 ],
 [
  15214,
  2.175482486437846
 ],
 [
  9050,
  2.172176506667004
 ],
 [
  10878,
  2.1688805595380765
 ],
 [
  16609,
  2.1688805595380765
 ],
 [
  19615,
  2.1623185810825762
 ],
 [
  10726,
  2.1557961895713413
 ],
 [
  14095,
  2.1557961895713413
 ],
 [
  15277,
  2.1557961895713413
 ],
 [
  8923,
  2.1493130278529424
 ],
 [
  19173,
  2.1493130278529424
 ],
 [
  16217,
  2.1364629865418685
 ],
 [
  20565,
  2.1364629865418685
 ],
 [
  4347,
  2.130095413808336
 ],
 [
  13713,
  2.130095413808336
 ],
 [
  8916,
  2.1237656844612913
 ],
 [
  21156,
  2.1237656844612913
 ],
 [
  17150,
  2.1174734621373554
 ],
 [
  20377,
  2.1174734621373554
 ],
 [
  10813,
  2.111218414447637
 ],
 [
  4295,
  2.1050002129192054
 ],
 [
  20616,
  2.1050002129192054
 ],
 [
  2788,
  2.098818532937588
 ],
 [
  7874,
  2.098818532937588
 ],
 [
  11335,
  2.098818532937588
 ],
 [
  4182,
  2.0967660332854825
 ],
 [
  2131,
  2.080489432826427
 ],
 [
  5607,
  2.080489432826427
 ],
 [
  3400,
  2.0684468577821264
 ],
 [
  11583,
  2.0684468577821264
 ],
 [
  12058,
  2.0684468577821264
 ],
 [
  1748,
  2.0565428933905205
 ],
 [
  2292,
  2.0565428933905205
 ],
 [
  14541,
  2.0565428933905205
 ],
 [
  16899,
  2.0565428933905205
 ],
 [
  18720,
  2.0565428933905205
 ],
 [
  2422,
  2.050642144484155
 ],
 [
  3588,
  2.04477516022177
 ],
 [
  15756,
  2.04477516022177
 ],
 [
  17695,
  2.038941651623416
 ],
 [
  20677,
  2.038941651623416
 ],
 [
  1004,
  2.033141332997468
 ],
 [
  4492,
  2.033141332997468
 ],
 [
  5324,
  2.033141332997468
 ],
 [
  12944,
  2.033141332997468
 ],
 [
  16616,
  2.033141332997468
 ],
 [
  19445,
  2.033141332997468
 ],
 [
  10824,
  2.02163913905887
 ],
 [
  11432,
  2.02163913905887
 ],
 [
  15007,
  2.02163913905887
 ],
 [
  16878,
  2.02163913905887
 ],
 [
  11873,
  2.01593670838878
 ],
 [
  8886,
  2.0102663568868304
 ],
 [
  1161,
  1.999020814671411
 ],
 [
  1305,
  1.999020814671411
 ],
 [
  6188,
  1.999020814671411
 ],
 [
  9070,
  1.999020814671411
 ],
 [
  9504,
  1.999020814671411
 ],
 [
  16736,
  1.999020814671411
 ],
 [
  1725,
  1.987900388929236
 ],
 [
  3859,
  1.987900388929236
 ],
 [
  7201,
  1.987900388929236
 ],
 [
  11735,
  1.987900388929236
 ],
 [
  20426,
  1.987900388929236
 ],
 [
  14977,
  1.980555253596228
 ],
 [
  18819,
  1.9769030031667412
 ],
 [
  17551,
  1.9769030031667407
 ],
 [
  11130,
  1.9714498139034267
 ],
 [
  173,
  1.966026626587547
 ],
 [
  2445,
  1.966026626587547
 ],
 [
  8924,
  1.966026626587547
 ],
 [
  14435,
  1.966026626587547
 ],
 [
  15664,
  1.966026626587547
 ],
 [
  16620,
  1.966026626587547
 ],
 [
  16693,
  1.966026626587547
 ],
 [
  16881,
  1.966026626587547
 ],
 [
  19688,
  1.9606331943046367
 ],
 [
  564,
  1.9588419534865351
 ],
 [
  9654,
  1.9552692728422734
 ],
 [
  17002,
  1.9552692728422734
 ],
 [
  4975,
  1.9446289988191665
 ],
 [
  10159,
  1.9446289988191665
 ],
 [
  10198,
  1.9446289988191665
 ],
 [
  16883,
  1.9446289988191665
 ],
 [
  11594,
  1.9411079287620774
 ],
 [
  4525,
  1.9236921266978106
 ],
 [
  7147,
  1.9236921266978106
 ],
 [
  7615,
  1.9236921266978106
 ],
 [
  4379,
  1.9133918482208956
 ],
 [
  7138,
  1.9133918482208956
 ],
 [
  7464,
  1.9133918482208956
 ],
 [
  20733,
  1.9133918482208956
 ],
 [
  5465,
  1.9032012865519856
 ],
 [
  9968,
  1.9032012865519856
 ],
 [
  10986,
  1.9032012865519856
 ],
 [
  1737,
  1.8931186979510297
 ],
 [
  6766,
  1.8931186979510297
 ],
 [
  16639,
  1.8931186979510297
 ],
 [
  18189,
  1.8931186979510297
 ],
 [
  19361,
  1.8931186979510297
 ],
 [
  5899,
  1.8881173587094295
 ],
 [
  4211,
  1.8831423754344907
 ],
 [
  5533,
  1.8831423754344907
 ],
 [
  18282,
  1.8831423754344907
 ],
 [
  20629,
  1.8831423754344907
 ],
 [
  11900,
  1.8732706478119365
 ],
 [
  14262,
  1.870003031438276
 ],
 [
  3213,
  1.8635018787527613
 ],
 [
  3224,
  1.8635018787527613
 ],
 [
  7153,
  1.8635018787527613
 ],
 [
  16462,
  1.8635018787527613
 ],
 [
  16880,
  1.8635018787527613
 ],
 [
  9286,
  1.8538344658819663
 ],
 [
  8795,
  1.8442668399039337
 ],
 [
  15081,
  1.8442668399039337
 ],
 [
  17587,
  1.8442668399039337
 ],
 [
  21033,
  1.8442668399039337
 ],
 [
  3152,
  1.8395199654304382
 ],
 [
  4510,
  1.834797463753198
 ],
 [
  9002,
  1.834797463753198
 ],
 [
  12969,
  1.834797463753198
 ],
 [
  14028,
  1.834797463753198
 ],
 [
  11107,
  1.8254248317712474
 ],
 [
  19839,
  1.8254248317712474
 ],
 [
  3197,
  1.8069639299500326
 ],
 [
  19577,
  1.8069639299500326
 ],
 [
  2875,
  1.7978727987658347
 ],
 [
  11659,
  1.7978727987658347
 ],
 [
  13067,
  1.7978727987658347
 ],
 [
  4506,
  1.793361451321534
 ],
 [
  4622,
  1.7888726875820513
 ],
 [
  12492,
  1.7888726875820513
 ],
 [
  20686,
  1.7844063383904991
 ],
 [
  16233,
  1.7799622362751462
 ],
 [
  18879,
  1.7799622362751462
 ],
 [
  20158,
  1.7799622362751462
 ],
 [
  15355,
  1.7711401116866035
 ],
 [
  15972,
  1.7711401116866035
 ],
 [
  18192,
  1.7711401116866035
 ],
 [
  11505,
  1.766761762508886
 ],
 [
  5685,
  1.7624050069579817
 ],
 [
  18901,
  1.7624050069579817
 ],
 [
  4887,
  1.7537556408855495
 ],
 [
  16345,
  1.7537556408855495
 ],
 [
  6682,
  1.7451907572938294
 ],
 [
  6912,
  1.7451907572938294
 ],
 [
  21429,
  1.7451907572938294
 ],
 [
  12984,
  1.7367091244274127
 ],
 [
  14519,
  1.7367091244274127
 ],
 [
  16042,
  1.7367091244274127
 ],
 [
  1223,
  1.7283095343604198
 ],
 [
  2392,
  1.7283095343604198
 ],
 [
  5002,
  1.7283095343604198
 ],
 [
  5762,
  1.7283095343604198
 ],
 [
  9876,
  1.7283095343604198
 ],
 [
  14924,
  1.7283095343604198
 ],
 [
  17827,
  1.719990802423018
 ],
 [
  18247,
  1.719990802423018
 ],
 [
  19008,
  1.7158613942652625
 ],
 [
  131,
  1.7117517666444193
 ],
 [
  21119,
  1.7117517666444193
 ],
 [
  1281,
  1.7035912872118117
 ],
 [
  18573,
  1.7035912872118117
 ],
 [
  178,
  1.6987322405507308
 ],
 [
  3736,
  1.6875015457841047
 ],
 [
  7888,
  1.6875015457841047
 ],
 [
  5921,
  1.6717128831900874
 ],
 [
  6934,
  1.6717128831900874
 ],
 [
  21358,
  1.6639288278483337
 ],
 [
  21394,
  1.6639288278483337
 ],
 [
  8780,
  1.656216926871585
 ],
 [
  19944,
  1.6485761816350015
 ],
 [
  6567,
  1.6410056118572316
 ],
 [
  18658,
  1.6410056118572316
 ],
 [
  21079,
  1.6410056118572316
 ],
 [
  21395,
  1.6372463413398635
 ],
 [
  11973,
  1.6335042551811525
 ],
 [
  19316,
  1.6260711667660583
 ],
 [
  17154,
  1.6236084805198239
 ],
 [
  9472,
  1.6187054188909333
 ],
 [
  10991,
  1.6187054188909333
 ],
 [
  17844,
  1.6187054188909333
 ],
 [
  7399,
  1.615047512329002
 ],
 [
  19405,
  1.615047512329002
 ],
 [
  2462,
  1.6114061005684572
 ],
 [
  2895,
  1.6114061005684572
 ],
 [
  4247,
  1.6114061005684572
 ],
 [
  8280,
  1.6114061005684572
 ],
 [
  3332,
  1.6065763512062168
 ],
 [
  20505,
  1.6041723171694084
 ],
 [
  9811,
  1.5970031900571382
 ],
 [
  15974,
  1.5970031900571382
 ],
 [
  384,
  1.5898978562318016
 ],
 [
  1502,
  1.5898978562318016
 ],
 [
  19208,
  1.5898978562318016
 ],
 [
  19407,
  1.5898978562318016
 ],
 [
  20942,
  1.5898978562318016
 ],
 [
  945,
  1.5828554679840467
 ],
 [
  11982,
  1.5828554679840467
 ],
 [
  20908,
  1.5828554679840467
 ],
 [
  2404,
  1.5758751925578622
 ],
 [
  8834,
  1.5758751925578622
 ],
 [
  11105,
  1.5758751925578622
 ],
 [
  11444,
  1.5758751925578622
 ],
 [
  15698,
  1.5758751925578622
 ],
 [
  1340,
  1.5689562118223115
 ],
 [
  5578,
  1.5689562118223115
 ],
 [
  6423,
  1.5689562118223115
 ],
 [
  9561,
  1.5689562118223115
 ],
 [
  14976,
  1.5689562118223115
 ],
 [
  19660,
  1.5630738327816724
 ],
 [
  930,
  1.5620977219518737
 ],
 [
  6517,
  1.5620977219518737
 ],
 [
  17262,
  1.5620977219518737
 ],
 [
  737,
  1.5552989331151323
 ],
 [
  2184,
  1.5552989331151323
 ],
 [
  2374,
  1.5552989331151323
 ],
 [
  13037,
  1.5552989331151323
 ],
 [
  21023,
  1.5552989331151323
 ],
 [
  40,
  1.5485590691715612
 ],
 [
  2324,
  1.5485590691715612
 ],
 [
  3999,
  1.5485590691715612
 ],
 [
  14667,
  1.5485590691715612
 ],
 [
  14837,
  1.5485590691715612
 ],
 [
  20037,
  1.5485590691715612
 ],
 [
  17177,
  1.5463254100649588
 ],
 [
  1202,
  1.541877367376156
 ],
 [
  6539,
  1.541877367376156
 ],
 [
  16827,
  1.541877367376156
 ],
 [
  18159,
  1.541877367376156
 ],
 [
  18201,
  1.541877367376156
 ],
 [
  1746,
  1.5396629284270726
 ],
 [
  2356,
  1.5352530780916835
 ],
 [
  5173,
  1.5352530780916835
 ],
 [
  11723,
  1.5352530780916835
 ],
 [
  4989,
  1.5330576122852118
 ],
 [
  1246,
  1.5319622323944226
 ],
 [
  3263,
  1.5286854645083126
 ],
 [
  4002,
  1.5286854645083126
 ],
 [
  12053,
  1.5286854645083126
 ],
 [
  12339,
  1.5286854645083126
 ],
 [
  17142,
  1.5286854645083126
 ],
 [
  18151,
  1.5286854645083126
 ],
 [
  18687,
  1.5286854645083126
 ],
 [
  20656,
  1.5286854645083126
 ],
 [
  3935,
  1.5265087290442882
 ],
 [
  8396,
  1.522173802370416
 ],
 [
  20594,
  1.522173802370416
 ],
 [
  801,
  1.5157173797103194
 ],
 [
  8804,
  1.5157173797103194
 ],
 [
  12068,
  1.5157173797103194
 ],
 [
  17745,
  1.5157173797103194
 ],
 [
  20555,
  1.5157173797103194
 ],
 [
  2606,
  1.509315496588802
 ],
 [
  12905,
  1.509315496588802
 ],
 [
  15946,
  1.509315496588802
 ],
 [
  1749,
  1.502967464842144
 ],
 [
  3410,
  1.502967464842144
 ],
 [
  8703,
  1.502967464842144
 ],
 [
  11468,
  1.502967464842144
 ],
 [
  11761,
  1.502967464842144
 ],
 [
  11985,
  1.499813431342275
 ],
 [
  7908,
  1.49667260783553
 ],
 [
  11406,
  1.4935449115045036
 ],
 [
  2574,
  1.490430260222624
 ],
 [
  9330,
  1.490430260222624
 ],
 [
  19007,
  1.490430260222624
 ],
 [
  17433,
  1.4854737488458027
 ],
 [
  6614,
  1.4842397677111385
 ],
 [
  6737,
  1.4842397677111385
 ],
 [
  2312,
  1.478100486834217
 ],
 [
  6214,
  1.478100486834217
 ],
 [
  9043,
  1.478100486834217
 ],
 [
  9390,
  1.478100486834217
 ],
 [
  9631,
  1.478100486834217
 ],
 [
  11969,
  1.478100486834217
 ],
 [
  8427,
  1.4760653305532954
 ],
 [
  2842,
  1.4720117847274699
 ],
 [
  1614,
  1.4659730389114982
 ],
 [
  2452,
  1.4659730389114982
 ],
 [
  16277,
  1.4659730389114982
 ],
 [
  804,
  1.45998363707975
 ],
 [
  3017,
  1.45998363707975
 ],
 [
  19115,
  1.45998363707975
 ],
 [
  380,
  1.4540429768915513
 ],
 [
  14652,
  1.4540429768915513
 ],
 [
  21030,
  1.4481504657701727
 ],
 [
  11152,
  1.4423055207057887
 ],
 [
  12564,
  1.4423055207057887
 ],
 [
  3466,
  1.4365075680631842
 ],
 [
  1315,
  1.430756043394084
 ],
 [
  12370,
  1.4278975176263957
 ],
 [
  14613,
  1.4250503912539707
 ],
 [
  14629,
  1.4250503912539707
 ],
 [
  14711,
  1.4250503912539707
 ],
 [
  6436,
  1.4193900650232711
 ],
 [
  20080,
  1.4193900650232711
 ],
 [
  12859,
  1.4082032468932373
 ],
 [
  12107,
  1.4026757043288587
 ],
 [
  2922,
  1.397191386014852
 ],
 [
  5094,
  1.397191386014852
 ],
 [
  20982,
  1.397191386014852
 ],
 [
  5330,
  1.3917497869186697
 ],
 [
  9817,
  1.3917497869186697
 ],
 [
  8945,
  1.3863504098449808
 ],
 [
  10199,
  1.3863504098449808
 ],
 [
  17001,
  1.3863504098449808
 ],
 [
  11581,
  1.3809927652842333
 ],
 [
  7661,
  1.3756763712647162
 ],
 [
  15107,
  1.3756763712647162
 ],
 [
  6284,
  1.3704007532080227
 ],
 [
  6757,
  1.3704007532080227
 ],
 [
  8542,
  1.3704007532080227
 ],
 [
  11992,
  1.3704007532080227
 ],
 [
  6340,
  1.3651654437878278
 ],
 [
  7902,
  1.3651654437878278
 ],
 [
  16354,
  1.3651654437878278
 ],
 [
  18026,
  1.3651654437878278
 ],
 [
  1696,
  1.3625627607259072
 ],
 [
  14513,
  1.3599699827918925
 ],
 [
  1207,
  1.3496967999881724
 ],
 [
  2848,
  1.3496967999881724
 ],
 [
  3899,
  1.3496967999881724
 ],
 [
  6866,
  1.3496967999881724
 ],
 [
  8418,
  1.3496967999881724
 ],
 [
  10548,
  1.3496967999881724
 ],
 [
  1455,
  1.3446181921278064
 ],
 [
  4868,
  1.3446181921278064
 ],
 [
  9423,
  1.3446181921278064
 ],
 [
  10229,
  1.339577660331783
 ],
 [
  10256,
  1.339577660331783
 ],
 [
  12216,
  1.339577660331783
 ],
 [
  16242,
  1.339577660331783
 ],
 [
  15880,
  1.33457477799534
 ],
 [
  20245,
  1.33457477799534
 ],
 [
  18343,
  1.3320873237998188
 ],
 [
  7815,
  1.3296091248629172
 ],
 [
  12725,
  1.3296091248629172
 ],
 [
  16343,
  1.3296091248629172
 ],
 [
  5512,
  1.319787856230419
 ],
 [
  12044,
  1.3173551677911344
 ],
 [
  3069,
  1.3149314309190694
 ],
 [
  11841,
  1.3149314309190694
 ],
 [
  6923,
  1.3101106149665998
 ],
 [
  401,
  1.305325018149392
 ],
 [
  4582,
  1.305325018149392
 ],
 [
  5268,
  1.305325018149392
 ],
 [
  3818,
  1.3005742559247424
 ],
 [
  8575,
  1.3005742559247424
 ],
 [
  9092,
  1.3005742559247424
 ],
 [
  11829,
  1.3005742559247424
 ],
 [
  742,
  1.2982118191430123
 ],
 [
  11770,
  1.2982118191430123
 ],
 [
  9454,
  1.2958579493278566
 ],
 [
  6196,
  1.2935125999636918
 ],
 [
  11395,
  1.2819120552234569
 ],
 [
  15789,
  1.2819120552234569
 ],
 [
  19495,
  1.2796168703516142
 ],
 [
  7501,
  1.2773298895662015
 ],
 [
  9680,
  1.2727803649294338
 ],
 [
  11330,
  1.2697653105776052
 ],
 [
  721,
  1.2682631337739267
 ],
 [
  1887,
  1.2682631337739267
 ],
 [
  16020,
  1.2637778534768178
 ],
 [
  6927,
  1.26154708915348
 ],
 [
  12693,
  1.2593241862449793
 ],
 [
  7124,
  1.2549017990302171
 ],
 [
  15539,
  1.2549017990302171
 ],
 [
  11434,
  1.250510363446245
 ],
 [
  17960,
  1.250510363446245
 ],
 [
  2096,
  1.2461495556874027
 ],
 [
  20046,
  1.2439805372860293
 ],
 [
  3064,
  1.2332477283545311
 ],
 [
  130,
  1.22900628270085
 ],
 [
  1076,
  1.22900628270085
 ],
 [
  5026,
  1.22900628270085
 ],
 [
  4940,
  1.2247939118247284
 ],
 [
  3940,
  1.2164552067147574
 ],
 [
  10545,
  1.2164552067147574
 ],
 [
  1770,
  1.2123282887090339
 ],
 [
  14441,
  1.2123282887090339
 ],
 [
  18325,
  1.2123282887090339
 ],
 [
  21449,
  1.2123282887090339
 ],
 [
  3563,
  1.2082292778008843
 ],
 [
  10095,
  1.2082292778008843
 ],
 [
  7610,
  1.2041578918735791
 ],
 [
  10456,
  1.2041578918735791
 ],
 [
  17017,
  1.2041578918735791
 ],
 [
  17812,
  1.2021324711542922
 ],
 [
  717,
  1.2001138526002268
 ],
 [
  7524,
  1.2001138526002268
 ],
 [
  17228,
  1.2001138526002268
 ],
 [
  7230,
  1.19609688538035
 ],
 [
  8838,
  1.19609688538035
 ],
 [
  16887,
  1.19609688538035
 ],
 [
  6351,
  1.1881430869594773
 ],
 [
  21547,
  1.1881430869594773
 ],
 [
  11007,
  1.186171138398538
 ],
 [
  12861,
  1.1842057246363549
 ],
 [
  18375,
  1.1842057246363549
 ],
 [
  20088,
  1.1842057246363549
 ],
 [
  7608,
  1.1815952821757456
 ],
 [
  12089,
  1.1802943720042278
 ],
 [
  19807,
  1.1802943720042278
 ],
 [
  17302,
  1.1764087721867105
 ],
 [
  18607,
  1.1764087721867105
 ],
 [
  12857,
  1.1725486716789282
 ],
 [
  15357,
  1.1725486716789282
 ],
 [
  16485,
  1.1725486716789282
 ],
 [
  18575,
  1.1725486716789282
 ],
 [
  7760,
  1.1649039711009042
 ],
 [
  11881,
  1.1649039711009042
 ],
 [
  15571,
  1.1649039711009042
 ],
 [
  15718,
  1.1649039711009042
 ],
 [
  20447,
  1.1649039711009042
 ],
 [
  6040,
  1.1611188803876362
 ],
 [
  9560,
  1.1611188803876362
 ],
 [
  11423,
  1.1611188803876362
 ],
 [
  10445,
  1.1592355441635536
 ],
 [
  540,
  1.1586091223657053
 ],
 [
  18257,
  1.1573583075930782
 ],
 [
  8681,
  1.1536220152641161
 ],
 [
  9838,
  1.1536220152641161
 ],
 [
  3351,
  1.1499097690040423
 ],
 [
  18447,
  1.1499097690040423
 ],
 [
  21304,
  1.1499097690040423
 ],
 [
  18267,
  1.1480625907245203
 ],
 [
  7797,
  1.146221337423536
 ],
 [
  18684,
  1.146221337423536
 ],
 [
  20452,
  1.146221337423536
 ],
 [
  5165,
  1.1425564920925868
 ],
 [
  8910,
  1.1425564920925868
 ],
 [
  9244,
  1.1425564920925868
 ],
 [
  9543,
  1.1425564920925868
 ],
 [
  14975,
  1.1425564920925868
 ],
 [
  17983,
  1.1425564920925868
 ],
 [
  20504,
  1.1425564920925868
 ],
 [
  9687,
  1.1407328436838808
 ],
 [
  19558,
  1.1389150074933367
 ],
 [
  5233,
  1.1352966609738186
 ],
 [
  11868,
  1.1352966609738186
 ],
 [
  18801,
  1.1352966609738186
 ],
 [
  17549,
  1.1317012327025762
 ],
 [
  20411,
  1.1317012327025762
 ],
 [
  5534,
  1.1281285056241432
 ],
 [
  7530,
  1.1281285056241432
 ],
 [
  8105,
  1.1281285056241432
 ],
 [
  19102,
  1.1281285056241432
 ],
 [
  2072,
  1.124578265415363
 ],
 [
  5136,
  1.124578265415363
 ],
 [
  5291,
  1.124578265415363
 ],
 [
  19683,
  1.124578265415363
 ],
 [
  504,
  1.121050300442531
 ],
 [
  4391,
  1.121050300442531
 ],
 [
  8873,
  1.121050300442531
 ],
 [
  10219,
  1.121050300442531
 ],
 [
  21116,
  1.121050300442531
 ],
 [
  282,
  1.1175444017193372
 ],
 [
  836,
  1.1175444017193372
 ],
 [
  5963,
  1.1175444017193372
 ],
 [
  14440,
  1.1175444017193372
 ],
 [
  18984,
  1.1175444017193372
 ],
 [
  4854,
  1.114060362865604
 ],
 [
  9065,
  1.114060362865604
 ],
 [
  15955,
  1.114060362865604
 ],
 [
  17713,
  1.114060362865604
 ],
 [
  6867,
  1.1105979800667842
 ],
 [
  9887,
  1.1105979800667842
 ],
 [
  17823,
  1.1105979800667842
 ],
 [
  6097,
  1.1071570520342182
 ],
 [
  9296,
  1.1071570520342182
 ],
 [
  14107,
  1.1071570520342182
 ],
 [
  14894,
  1.1037373799661234
 ],
 [
  1005,
  1.100338767509309
 ],
 [
  9602,
  1.100338767509309
 ],
 [
  21332,
  1.100338767509309
 ],
 [
  14950,
  1.0969610207215919
 ],
 [
  15814,
  1.0969610207215919
 ],
 [
  19641,
  1.0969610207215919
 ],
 [
  3357,
  1.0902673602190742
 ],
 [
  6994,
  1.0902673602190742
 ],
 [
  3571,
  1.0891596840998266
 ],
 [
  6791,
  1.0836548937561148
 ],
 [
  10473,
  1.0836548937561148
 ],
 [
  17149,
  1.0836548937561148
 ],
 [
  18878,
  1.0836548937561148
 ],
 [
  2449,
  1.0803786480213518
 ],
 [
  5577,
  1.0803786480213518
 ],
 [
  7442,
  1.0803786480213518
 ],
 [
  19496,
  1.0803786480213518
 ],
 [
  6899,
  1.0771221529142492
 ],
 [
  16113,
  1.0771221529142492
 ],
 [
  1617,
  1.073885230373522
 ],
 [
  2355,
  1.073885230373522
 ],
 [
  4191,
  1.073885230373522
 ],
 [
  15226,
  1.0706677044718804
 ],
 [
  2513,
  1.0674694013841575
 ],
 [
  1884,
  1.064290149356006
 ],
 [
  5098,
  1.064290149356006
 ],
 [
  10345,
  1.064290149356006
 ],
 [
  18452,
  1.064290149356006
 ],
 [
  7539,
  1.0611297786731515
 ],
 [
  8079,
  1.0611297786731515
 ],
 [
  4133,
  1.0579881216311935
 ],
 [
  10671,
  1.0579881216311935
 ],
 [
  20790,
  1.0579881216311935
 ],
 [
  3892,
  1.0548650125059378
 ],
 [
  16898,
  1.0548650125059378
 ],
 [
  19926,
  1.0548650125059378
 ],
 [
  8478,
  1.051760287524258
 ],
 [
  12399,
  1.051760287524258
 ],
 [
  13187,
  1.051760287524258
 ],
 [
  2030,
  1.0486737848354668
 ],
 [
  5145,
  1.0486737848354668
 ],
 [
  5706,
  1.0486737848354668
 ],
 [
  11575,
  1.0486737848354668
 ],
 [
  11120,
  1.0425548083777336
 ],
 [
  11124,
  1.0425548083777336
 ],
 [
  13540,
  1.0425548083777336
 ],
 [
  12773,
  1.0405309872090838
 ],
 [
  11387,
  1.0395220202689324
 ],
 [
  13073,
  1.0395220202689324
 ],
 [
  17000,
  1.0395220202689324
 ],
 [
  2822,
  1.0365068257194727
 ],
 [
  6649,
  1.0335090720786775
 ],
 [
  17780,
  1.0335090720786775
 ],
 [
  2627,
  1.0305286084567413
 ],
 [
  9403,
  1.0305286084567413
 ],
 [
  9950,
  1.0305286084567413
 ],
 [
  11155,
  1.0305286084567413
 ],
 [
  3338,
  1.0275652856994173
 ],
 [
  2917,
  1.0216894746905358
 ],
 [
  10798,
  1.0216894746905358
 ],
 [
  5226,
  1.0158804795942824
 ],
 [
  696,
  1.013000682872734
 ],
 [
  8863,
  1.0101371671730317
 ],
 [
  9799,
  1.0101371671730317
 ],
 [
  9853,
  1.0101371671730317
 ],
 [
  7877,
  1.0072897948164534
 ],
 [
  20389,
  1.004458429672267
 ],
 [
  5143,
  1.001642937136036
 ],
 [
  15121,
  1.001642937136036
 ],
 [
  16082,
  0.998843184108288
 ],
 [
  19285,
  0.9969853612054237
 ],
 [
  597,
  0.993290371579674
 ],
 [
  5302,
  0.9850759558491031
 ],
 [
  11343,
  0.982367926462052
 ],
 [
  18213,
  0.982367926462052
 ],
 [
  4524,
  0.9743324418792653
 ],
 [
  5295,
  0.9743324418792653
 ],
 [
  17410,
  0.9730059574804156
 ],
 [
  316,
  0.9716830799995432
 ],
 [
  2553,
  0.9690480871046734
 ],
 [
  9959,
  0.9690480871046734
 ],
 [
  7445,
  0.9664273466141248
 ],
 [
  19259,
  0.9664273466141248
 ],
 [
  16023,
  0.9638207432051078
 ],
 [
  2381,
  0.9560846207521604
 ],
 [
  21357,
  0.9560846207521604
 ],
 [
  10875,
  0.9484716976562911
 ],
 [
  4947,
  0.9459609269454773
 ],
 [
  10667,
  0.9434634140386122
 ],
 [
  21004,
  0.9434634140386122
 ],
 [
  8439,
  0.9352327853176969
 ],
 [
  7383,
  0.9336038622141705
 ],
 [
  7268,
  0.9287509616658878
 ],
 [
  11081,
  0.9287509616658878
 ],
 [
  18526,
  0.9263433814887541
 ],
 [
  16891,
  0.9239482512694929
 ],
 [
  19563,
  0.9239482512694929
 ],
 [
  5134,
  0.921565474686255
 ],
 [
  6493,
  0.921565474686255
 ],
 [
  11391,
  0.921565474686255
 ],
 [
  5366,
  0.9191949564082555
 ],
 [
  15254,
  0.9180142646107115
 ],
 [
  20823,
  0.9168366020830605
 ],
 [
  1796,
  0.9121560126981814
 ],
 [
  2546,
  0.9121560126981814
 ],
 [
  1249,
  0.9098335937136715
 ],
 [
  11986,
  0.9098335937136715
 ],
 [
  20863,
  0.9075229708082219
 ],
 [
  17322,
  0.9052240543371585
 ],
 [
  20020,
  0.9052240543371585
 ],
 [
  8885,
  0.9029367555618546
 ],
 [
  17249,
  0.8983966606059252
 ],
 [
  17272,
  0.8983966606059252
 ],
 [
  8943,
  0.890930451366248
 ],
 [
  19871,
  0.8894520764784398
 ],
 [
  5156,
  0.8850462438811934
 ],
 [
  8176,
  0.8828596551092189
 ],
 [
  2087,
  0.8806838440503358
 ],
 [
  17058,
  0.8806838440503358
 ],
 [
  21438,
  0.8806838440503358
 ],
 [
  9156,
  0.8763642378946214
 ],
 [
  9512,
  0.8763642378946214
 ],
 [
  8192,
  0.8742202861490482
 ],
 [
  10734,
  0.8742202861490482
 ],
 [
  2357,
  0.8720867988001455
 ],
 [
  8110,
  0.8720867988001455
 ],
 [
  1212,
  0.8699636994210458
 ],
 [
  8606,
  0.8699636994210458
 ],
 [
  10748,
  0.8699636994210458
 ],
 [
  10773,
  0.8699636994210458
 ],
 [
  1362,
  0.8678509123273205
 ],
 [
  16044,
  0.8657483625679857
 ],
 [
  9015,
  0.8636559759166407
 ],
 [
  20004,
  0.8636559759166407
 ],
 [
  5727,
  0.8615736788627306
 ],
 [
  7804,
  0.8615736788627306
 ],
 [
  3117,
  0.8595013986029397
 ],
 [
  15091,
  0.8595013986029397
 ],
 [
  3942,
  0.8574390630327056
 ],
 [
  15160,
  0.8574390630327056
 ],
 [
  1254,
  0.8553866007378553
 ],
 [
  3075,
  0.853343940986364
 ],
 [
  6719,
  0.851311013720228
 ],
 [
  8210,
  0.850298178058371
 ],
 [
  19232,
  0.8472740797341703
 ],
 [
  627,
  0.8432752514945556
 ],
 [
  19128,
  0.8432752514945556
 ],
 [
  13904,
  0.8412899588215544
 ],
 [
  19471,
  0.8393139919996762
 ],
 [
  1735,
  0.8373472854710516
 ],
 [
  4573,
  0.8373472854710516
 ],
 [
  11545,
  0.8373472854710516
 ],
 [
  13733,
  0.8373472854710516
 ],
 [
  19333,
  0.8373472854710516
 ],
 [
  8510,
  0.835389774290844
 ],
 [
  19105,
  0.8334413941201004
 ],
 [
  5432,
  0.8295717724384135
 ],
 [
  14088,
  0.8276504052160295
 ],
 [
  14687,
  0.8276504052160295
 ],
 [
  951,
  0.825737917566614
 ],
 [
  16137,
  0.8238342480768356
 ],
 [
  16181,
  0.8238342480768356
 ],
 [
  4132,
  0.8219393358983934
 ],
 [
  14689,
  0.8163065430880055
 ],
 [
  17654,
  0.8144460627474549
 ],
 [
  15384,
  0.8125940437283667
 ],
 [
  21101,
  0.8125940437283667
 ],
 [
  1290,
  0.8107504284395427
 ],
 [
  1634,
  0.8107504284395427
 ],
 [
  8166,
  0.8107504284395427
 ],
 [
  11535,
  0.8107504284395427
 ],
 [
  2364,
  0.8070881812893486
 ],
 [
  2735,
  0.8070881812893486
 ],
 [
  8101,
  0.8070881812893486
 ],
 [
  4916,
  0.8052694368294515
 ],
 [
  8183,
  0.8052694368294515
 ],
 [
  17434,
  0.8052694368294515
 ],
 [
  14184,
  0.803458870891224
 ],
 [
  3192,
  0.8016564284327147
 ],
 [
  759,
  0.7998620549047805
 ],
 [
  14313,
  0.7998620549047805
 ],
 [
  15939,
  0.7980756962455848
 ],
 [
  7186,
  0.7945268096900853
 ],
 [
  5298,
  0.7936445142012161
 ],
 [
  15982,
  0.7927641760581317
 ],
 [
  5217,
  0.7892622672497205
 ],
 [
  7254,
  0.7892622672497205
 ],
 [
  14766,
  0.7892622672497205
 ],
 [
  17478,
  0.7892622672497205
 ],
 [
  15286,
  0.7857911606204688
 ],
 [
  16154,
  0.7849281492314356
 ],
 [
  1026,
  0.7840670314029631
 ],
 [
  9328,
  0.7823504515539509
 ],
 [
  6225,
  0.780641371597621
 ],
 [
  18361,
  0.780641371597621
 ],
 [
  6876,
  0.7780917067940281
 ],
 [
  11135,
  0.7772455156120043
 ],
 [
  19484,
  0.7722067684888411
 ],
 [
  8085,
  0.7705416727291977
 ],
 [
  2563,
  0.7655891935288348
 ],
 [
  17714,
  0.7623227575187804
 ],
 [
  2906,
  0.7574750328936007
 ],
 [
  17365,
  0.7574750328936007
 ],
 [
  5473,
  0.7558727967741076
 ],
 [
  3411,
  0.7479622251962688
 ],
 [
  6326,
  0.7479622251962688
 ],
 [
  12209,
  0.7471802651899611
 ],
 [
  28,
  0.7432948627193479
 ],
 [
  17423,
  0.7432948627193479
 ],
 [
  9969,
  0.7417519927269822
 ],
 [
  9996,
  0.7417519927269822
 ],
 [
  21251,
  0.7356440365658016
 ],
 [
  5561,
  0.7348876076423059
 ],
 [
  18280,
  0.7341327327230323
 ],
 [
  16631,
  0.729635850765428
 ],
 [
  19586,
  0.7251937241193864
 ],
 [
  2502,
  0.7237250105821056
 ],
 [
  7712,
  0.7208053587623268
 ],
 [
  16733,
  0.7193543489152393
 ],
 [
  9651,
  0.71790916921287
 ],
 [
  10103,
  0.7136082616971118
 ],
 [
  11813,
  0.7136082616971118
 ],
 [
  17506,
  0.7107695052654593
 ],
 [
  2924,
  0.7065534669160486
 ],
 [
  20571,
  0.7065534669160486
 ],
 [
  1421,
  0.7051592135681772
 ],
 [
  11074,
  0.7051592135681772
 ],
 [
  3815,
  0.7010092748553067
 ],
 [
  9149,
  0.6996367952951931
 ],
 [
  9213,
  0.6982696794852941
 ],
 [
  6922,
  0.6969078960440397
 ],
 [
  1808,
  0.6955514138341882
 ],
 [
  5711,
  0.6955514138341882
 ],
 [
  8384,
  0.6955514138341882
 ],
 [
  3562,
  0.6928542297671556
 ],
 [
  6716,
  0.6875221329420448
 ],
 [
  5172,
  0.6848867427907696
 ],
 [
  15444,
  0.6809713231287261
 ],
 [
  458,
  0.6796761127679062
 ],
 [
  21379,
  0.6758198759091908
 ],
 [
  5285,
  0.6707457833836038
 ],
 [
  19377,
  0.6682372026830941
 ],
 [
  12146,
  0.6645093180837054
 ],
 [
  15625,
  0.6645093180837054
 ],
 [
  276,
  0.6571769521834501
 ],
 [
  17366,
  0.6559705942774088
 ],
 [
  1539,
  0.6535711166902539
 ],
 [
  9637,
  0.6464768653809956
 ],
 [
  8075,
  0.645309436365009
 ],
 [
  8201,
  0.642987181901605
 ],
 [
  3112,
  0.6418323111795916
 ],
 [
  10976,
  0.6418323111795916
 ],
 [
  19589,
  0.6412564301221646
 ],
 [
  6605,
  0.639534970783854
 ],
 [
  8041,
  0.6349892771753969
 ],
 [
  17419,
  0.6338629327167207
 ],
 [
  15213,
  0.6316221888868585
 ],
 [
  4160,
  0.6305077473635705
 ],
 [
  8091,
  0.6271878945549126
 ],
 [
  10131,
  0.6260890323330754
 ],
 [
  8076,
  0.6239028190979139
 ],
 [
  6752,
  0.6228154279591543
 ],
 [
  3030,
  0.6217318206220265
 ],
 [
  9582,
  0.6217318206220265
 ],
 [
  18420,
  0.6217318206220265
 ],
 [
  17371,
  0.6163698556801175
 ],
 [
  5127,
  0.6153085418722845
 ],
 [
  19040,
  0.612146417188587
 ],
 [
  18360,
  0.6100563284570703
 ],
 [
  9310,
  0.6090166272074258
 ],
 [
  11739,
  0.6079804637935257
 ],
 [
  16220,
  0.6069478201885233
 ],
 [
  5104,
  0.605918678487838
 ],
 [
  9336,
  0.605918678487838
 ],
 [
  3861,
  0.5998163807647088
 ],
 [
  8896,
  0.5998163807647088
 ],
 [
  16423,
  0.5998163807647088
 ],
 [
  19006,
  0.5998163807647088
 ],
 [
  16558,
  0.5988112611215785
 ],
 [
  17386,
  0.5988112611215785
 ],
 [
  3421,
  0.5968110938274499
 ],
 [
  6742,
  0.5958160125897756
 ],
 [
  20351,
  0.5958160125897756
 ],
 [
  10311,
  0.5928505793345555
 ],
 [
  10228,
  0.5918686503825077
 ],
 [
  17187,
  0.5918686503825077
 ],
 [
  16794,
  0.5908899687584638
 ],
 [
  17415,
  0.5879732475613915
 ],
 [
  18604,
  0.5850851796708089
 ],
 [
  16112,
  0.5841287849172032
 ],
 [
  13157,
  0.5812782692670306
 ],
 [
  17373,
  0.5803342697239536
 ],
 [
  8200,
  0.5793933313318669
 ],
 [
  9673,
  0.5775205786339596
 ],
 [
  16965,
  0.5756598933962528
 ],
 [
  18409,
  0.5756598933962528
 ],
 [
  18317,
  0.5728912381076056
 ],
 [
  10902,
  0.5719742617338323
 ],
 [
  9788,
  0.5683355239548147
 ],
 [
  19157,
  0.5665334614781665
 ],
 [
  18378,
  0.5629634040616385
 ],
 [
  4174,
  0.5620779089655794
 ],
 [
  19039,
  0.5603152494319775
 ],
 [
  19392,
  0.5603152494319775
 ],
 [
  16226,
  0.5559565912715936
 ],
 [
  319,
  0.5482795317875341
 ],
 [
  6603,
  0.545767411865981
 ],
 [
  11624,
  0.545767411865981
 ],
 [
  4490,
  0.5441054152943544
 ],
 [
  11830,
  0.5441054152943544
 ],
 [
  372,
  0.5408116054602432
 ],
 [
  8252,
  0.5303768236471497
 ],
 [
  7094,
  0.5256953839711807
 ],
 [
  5471,
  0.5128691504942913
 ],
 [
  898,
  0.5121341294473167
 ],
 [
  20705,
  0.5084904013461653
 ],
 [
  3390,
  0.5056125386777076
 ],
 [
  12917,
  0.5006538944039115
 ],
 [
  5858,
  0.49717113886028985
 ],
 [
  4267,
  0.49648039427015644
 ],
 [
  5778,
  0.4957915663886711
 ],
 [
  10725,
  0.49373650354826776
 ],
 [
  11186,
  0.49169840691002403
 ],
 [
  12662,
  0.4896770672331303
 ],
 [
  19292,
  0.4883387150959739
 ],
 [
  19038,
  0.4870076588048228
 ],
 [
  16163,
  0.48175521179918984
 ],
 [
  3020,
  0.4785295807209069
 ],
 [
  6844,
  0.47725139056966726
 ],
 [
  2988,
  0.47471538629386606
 ],
 [
  17862,
  0.47158303139755053
 ],
 [
  7356,
  0.4709615143168157
 ],
 [
  8441,
  0.4709615143168157
 ],
 [
  8769,
  0.46910675381375455
 ],
 [
  5176,
  0.467878341665446
 ],
 [
  17359,
  0.4594563517523794
 ],
 [
  20500,
  0.4582778977190289
 ],
 [
  8115,
  0.4576909347506993
 ],
 [
  1306,
  0.4559390327103716
 ],
 [
  9581,
  0.4553580418989508
 ],
 [
  8569,
  0.4547785298849782
 ],
 [
  2197,
  0.4524751574558778
 ],
 [
  4548,
  0.4496285466070405
 ],
 [
  13949,
  0.4423922851031536
 ],
 [
  7062,
  0.4407553334412259
 ],
 [
  5587,
  0.4391304513032018
 ],
 [
  5131,
  0.4353852532515534
 ],
 [
  17883,
  0.43432690177439687
 ],
 [
  3446,
  0.43327368318422543
 ],
 [
  18415,
  0.4280832922631088
 ],
 [
  714,
  0.4270601011680101
 ],
 [
  79,
  0.42655033763020966
 ],
 [
  15738,
  0.4190473517524267
 ],
 [
  3027,
  0.4180668501497102
 ],
 [
  5290,
  0.4180668501497102
 ],
 [
  10278,
  0.4137107830403231
 ],
 [
  3798,
  0.4071122330957771
 ],
 [
  4049,
  0.4057255499268718
 ],
 [
  19825,
  0.3967170455528215
 ],
 [
  419,
  0.3962771097295811
 ],
 [
  16926,
  0.39365784959826916
 ],
 [
  965,
  0.3932246688465216
 ],
 [
  854,
  0.3915014374954628
 ],
 [
  5386,
  0.39064547323386073
 ],
 [
  5230,
  0.38894472451603157
 ],
 [
  14853,
  0.3880998914921381
 ],
 [
  6656,
  0.38600377911812106
 ],
 [
  19848,
  0.38351813930707934
 ],
 [
  15488,
  0.38269669127741984
 ],
 [
  5311,
  0.38187875460536
 ],
 [
  16937,
  0.381471096000176
 ],
 [
  16249,
  0.3802533256595728
 ],
 [
  19432,
  0.3798491281489235
 ],
 [
  21508,
  0.3762496525776926
 ],
 [
  12701,
  0.37585391739006113
 ],
 [
  5376,
  0.3746716908747192
 ],
 [
  5631,
  0.3727177543780425
 ],
 [
  12277,
  0.3588684928911025
 ],
 [
  11083,
  0.35319334343925135
 ],
 [
  13629,
  0.3476948933866482
 ],
 [
  7405,
  0.3410579822053081
 ],
 [
  17497,
  0.3384736251382394
 ],
 [
  17396,
  0.30999249452114513
 ],
 [
  6657,
  0.30085788267926983
 ]
]